Multiple size <= 100
TEST 1 ARG:89 71 30 68 15 49 6 59 34 85 90 66 63 13 82 17 81 27 76 94 48 93 88 37 87 55 74 9 8 84 10 36 91 47 2 16 54 61 77 67 12 0 41 4 3 80 97 64 28 96 73 65 57 32 62 18 38 1 51 14 60 50 7 83 92 95 44 86 22 58 52 43 46 98 26 31 79 75 25 19 24 29 99 5 56 39 78 20 35 70 72 21 33 40 45 53 23 69 11 42 
TEST 2 ARG:59 52 7 53 14 16 34 21 97 44 30 40 75 95 1 9 84 25 45 26 27 57 32 37 36 86 42 79 87 6 96 31 83 48 72 12 78 68 90 50 63 88 85 58 41 47 29 66 55 76 5 61 11 64 8 23 60 69 33 38 17 62 4 0 51 18 81 28 56 92 70 80 71 82 67 15 20 74 94 13 10 43 35 49 22 46 65 91 93 24 19 73 2 98 89 99 3 39 54 77 
TEST 3 ARG:45 80 26 58 31 50 0 15 66 28 18 7 87 91 82 4 77 75 8 19 29 68 35 83 53 16 57 27 23 86 93 14 67 37 1 95 48 33 40 96 11 70 90 88 39 24 38 21 94 3 34 47 74 51 85 17 49 63 22 79 12 55 25 36 99 46 98 56 32 97 13 6 41 76 20 92 5 30 10 59 71 62 64 52 84 65 73 42 72 69 78 81 43 9 2 54 60 44 61 89 
TEST 4 ARG:88 72 6 70 40 34 49 2 87 74 33 66 94 79 69 36 75 1 52 59 18 3 58 61 96 26 31 10 50 77 63 35 39 44 25 67 32 17 81 14 28 37 92 8 30 80 22 29 60 13 57 98 62 9 41 23 97 86 46 38 56 99 54 89 78 45 91 51 43 85 7 0 24 48 53 55 4 83 15 68 73 20 21 47 27 90 5 76 19 12 16 64 42 82 65 95 11 93 84 71 
TEST 5 ARG:44 21 29 71 67 95 15 80 63 17 8 2 27 12 23 82 96 4 89 85 87 47 55 54 19 5 1 90 34 61 53 6 41 7 46 65 37 75 78 72 38 13 98 57 58 77 45 3 16 43 91 25 92 94 42 33 24 20 86 14 68 64 84 93 76 30 51 81 74 39 48 9 36 0 18 31 32 26 56 88 70 22 99 73 66 10 83 97 50 11 35 49 59 60 28 79 62 69 52 40 
TEST 6 ARG:37 30 88 72 1 43 90 38 40 74 66 25 28 91 84 16 20 65 63 53 49 99 93 58 35 85 18 8 61 33 51 55 97 67 21 5 81 19 89 10 59 62 96 23 69 46 32 80 4 44 64 36 12 45 2 39 76 22 71 79 42 73 78 0 9 11 68 75 24 15 31 14 3 60 82 29 52 13 87 47 70 86 41 7 26 48 92 17 77 34 94 27 98 6 57 95 83 50 56 54 
TEST 7 ARG:22 80 49 59 27 10 97 30 8 16 75 2 11 74 82 81 6 77 66 31 29 87 28 98 36 65 91 20 73 61 67 55 88 38 0 5 23 34 94 96 25 84 85 53 47 35 13 48 71 32 4 56 78 43 60 76 52 72 7 51 17 90 86 37 41 99 62 26 39 24 12 45 21 83 40 14 19 58 92 1 18 3 63 44 15 42 57 68 9 70 93 64 46 89 54 95 69 50 33 79 
TEST 8 ARG:54 51 46 3 98 16 18 0 52 40 61 72 75 56 39 58 91 13 25 78 32 26 19 15 66 24 27 8 12 55 20 60 45 23 11 38 81 64 97 88 4 1 94 44 77 9 28 49 33 41 48 53 22 69 76 73 86 37 43 87 2 71 42 34 35 14 50 67 29 93 68 17 90 99 6 96 10 89 82 57 74 95 62 47 5 36 79 84 31 80 83 59 92 65 7 63 70 85 30 21 
TEST 9 ARG:35 53 2 65 29 47 82 25 62 44 91 84 20 63 99 69 11 68 39 54 26 60 15 89 70 37 45 75 1 86 57 41 16 73 64 72 12 98 32 8 76 81 19 88 51 59 50 5 0 14 97 74 83 77 31 38 46 87 79 61 13 66 28 56 92 21 85 34 9 3 49 10 40 6 33 17 43 94 93 18 23 30 90 55 27 52 22 80 24 36 58 4 95 96 78 67 71 7 42 48 
TEST 10 ARG:52 35 33 11 55 8 69 42 98 5 58 74 82 61 36 32 27 46 72 90 41 45 49 54 92 9 13 56 57 10 23 78 79 71 15 62 48 26 12 60 34 31 70 29 83 20 25 21 39 67 0 50 16 24 19 4 85 38 14 1 88 66 91 30 43 28 86 18 6 7 97 89 65 63 64 53 93 73 75 76 22 96 17 3 80 87 40 81 37 84 77 47 94 99 44 51 68 59 95 2 
TEST 11 ARG:9 53 12 99 39 38 45 87 96 90 7 19 14 18 32 46 27 69 5 20 83 24 61 70 51 92 60 71 30 16 11 80 25 59 37 31 50 91 54 10 72 52 68 97 57 82 44 29 8 26 94 2 48 81 85 17 63 21 89 42 74 15 56 78 73 6 65 36 93 1 67 47 76 62 43 79 95 28 98 77 34 49 40 13 75 3 41 58 55 66 33 22 88 84 0 23 86 64 35 4 
TEST 12 ARG:99 98 69 65 14 53 86 17 0 51 91 43 25 3 70 75 2 97 27 88 84 58 71 93 68 28 34 96 55 56 79 46 92 9 47 40 87 31 72 8 83 59 52 81 13 57 22 42 38 5 32 48 30 80 39 73 63 77 4 89 95 20 15 11 26 24 10 78 35 85 16 60 44 62 67 18 36 21 33 90 49 7 54 64 37 50 41 45 94 74 6 66 76 12 29 23 19 61 1 82 
TEST 13 ARG:35 18 86 96 44 0 61 87 23 43 78 67 71 93 47 24 33 92 15 99 88 20 30 56 73 1 29 21 81 25 95 8 63 6 37 64 91 79 32 40 75 42 74 54 65 57 80 7 27 51 82 26 97 9 68 89 11 85 14 59 4 39 13 98 53 60 46 17 31 48 94 45 83 3 52 76 36 12 49 28 16 22 70 55 84 58 77 62 72 41 34 66 5 69 19 50 38 90 2 10 
TEST 14 ARG:36 70 69 48 58 79 27 18 2 1 78 93 37 41 66 90 50 73 6 88 17 83 63 62 29 23 10 26 64 13 19 33 3 15 85 53 94 54 43 99 76 59 8 81 45 56 9 22 28 77 16 72 12 67 68 91 20 40 55 87 0 24 14 89 98 32 86 80 38 82 4 95 52 96 34 44 30 97 25 31 5 21 39 49 71 75 61 11 46 74 51 57 7 92 42 65 84 35 47 60 
TEST 15 ARG:61 97 21 78 70 63 75 87 12 39 48 11 2 7 88 53 54 59 1 44 24 20 96 76 65 5 40 34 42 47 74 17 98 26 86 56 55 32 79 89 16 92 18 33 71 31 22 4 49 9 41 15 93 81 82 73 50 36 66 35 84 28 99 30 80 37 6 51 60 72 43 91 83 67 3 77 94 13 38 62 19 52 23 46 29 27 45 25 14 57 68 10 64 95 8 85 0 69 58 90 
TEST 16 ARG:75 20 57 47 56 81 29 5 76 89 49 63 19 87 94 82 11 58 43 9 68 59 37 18 25 17 16 72 54 61 28 4 96 6 55 36 22 46 27 66 62 48 13 88 33 99 26 32 40 39 10 69 73 44 60 86 67 50 24 34 7 83 80 45 41 93 8 30 78 15 53 98 79 92 0 38 12 85 35 3 51 95 52 14 21 42 31 90 70 74 64 71 84 91 1 2 65 77 97 23 
TEST 17 ARG:96 43 13 81 20 88 44 61 23 69 70 63 52 45 40 4 58 72 67 79 11 6 82 42 36 50 1 84 95 3 60 16 75 47 48 34 54 26 55 17 7 28 0 86 99 89 87 19 56 30 5 62 38 33 97 80 94 39 93 35 32 46 98 37 64 10 8 41 24 27 9 14 2 90 73 68 59 12 15 77 92 31 78 85 51 83 71 53 49 29 91 18 65 57 21 74 66 25 22 76 
TEST 18 ARG:41 84 25 61 31 28 45 21 99 50 66 69 73 68 3 97 94 48 14 53 18 88 26 82 47 1 17 19 0 15 5 12 56 75 23 29 46 76 35 4 63 85 49 43 86 79 42 62 13 39 55 2 9 74 87 22 51 93 57 37 38 65 54 40 83 60 96 11 67 89 30 92 52 16 20 58 81 36 34 32 24 27 71 91 98 33 6 95 80 78 77 8 70 90 10 72 44 59 64 7 
TEST 19 ARG:19 1 27 25 75 9 80 52 2 47 17 69 84 94 60 93 76 7 6 55 29 59 21 68 81 16 77 73 86 35 28 49 15 43 96 89 65 22 71 18 57 20 72 54 53 61 11 3 91 56 51 26 38 63 46 32 39 90 30 85 66 33 88 12 50 82 99 5 44 34 8 40 95 23 13 58 74 64 24 97 31 37 14 10 45 98 36 70 83 41 67 87 48 79 4 0 42 62 92 78 
TEST 20 ARG:48 30 35 17 95 56 76 77 42 20 0 86 58 65 59 29 21 3 16 83 93 32 49 82 81 92 26 72 14 43 71 25 53 66 97 45 52 64 88 51 68 54 78 5 40 62 1 57 15 91 4 87 12 41 80 38 70 27 99 13 23 6 22 67 73 10 69 19 60 33 55 94 96 34 28 63 44 31 79 61 39 75 74 37 47 18 8 85 9 50 11 7 90 46 2 89 98 84 36 24 
TEST 21 ARG:57 75 45 91 28 66 6 5 62 68 95 78 92 47 54 70 98 80 26 14 77 1 65 81 40 63 90 83 82 84 27 88 36 85 50 41 39 67 22 32 99 4 53 7 31 20 19 59 46 48 42 86 10 43 23 76 13 61 33 74 0 12 8 52 97 18 38 17 51 69 55 11 29 87 25 79 16 44 89 58 96 49 60 37 94 30 71 15 73 21 64 2 56 3 34 72 35 93 9 24 
TEST 22 ARG:71 17 42 19 39 65 90 35 94 11 92 93 6 91 29 30 48 21 59 85 70 43 96 78 60 53 97 4 26 54 62 73 86 15 7 3 34 64 99 28 81 77 27 88 84 41 23 45 72 9 10 1 22 75 37 47 58 49 55 80 89 46 44 50 68 57 8 16 63 32 51 14 12 2 79 18 82 74 38 98 24 61 31 13 83 20 87 69 56 33 40 66 67 0 5 95 25 36 52 76 
TEST 23 ARG:98 95 64 47 10 8 65 80 20 60 28 48 45 24 11 57 94 77 22 55 83 33 5 6 9 37 18 93 12 44 91 81 16 66 35 88 40 49 68 38 0 99 32 85 1 72 59 25 31 75 74 21 63 52 92 86 90 70 42 26 7 61 97 27 30 36 39 87 89 67 29 51 2 34 15 14 4 62 73 19 56 54 71 23 78 58 13 46 17 84 53 69 82 43 3 79 50 96 41 76 
TEST 24 ARG:91 90 99 97 6 77 27 94 76 57 33 5 0 55 17 58 24 42 16 40 7 82 98 70 64 47 1 11 73 65 9 22 63 89 71 15 51 56 31 18 44 78 32 60 23 36 67 50 72 59 54 96 20 52 85 86 13 30 29 69 8 74 84 53 10 3 25 80 43 38 83 45 14 48 92 87 39 26 12 68 34 41 75 62 79 81 95 35 2 19 93 4 88 46 49 21 66 61 28 37 
TEST 25 ARG:41 76 3 16 89 81 35 6 29 36 28 11 78 85 98 34 94 24 13 33 43 87 52 61 20 27 18 39 50 2 92 70 48 58 7 12 1 97 66 93 84 49 73 53 64 80 82 55 37 91 23 21 69 0 74 9 25 95 26 5 40 19 14 65 67 15 77 54 99 86 38 17 56 88 83 59 46 31 32 96 57 71 30 72 10 75 51 47 63 45 44 42 60 22 90 8 68 62 4 79 
TEST 26 ARG:95 65 7 49 27 14 56 19 32 31 36 51 25 79 99 1 84 50 90 44 75 63 16 73 81 23 89 67 82 42 64 66 21 92 86 37 80 97 96 8 57 38 60 93 39 68 0 3 85 9 18 72 94 71 54 45 53 46 98 11 59 10 74 88 26 62 48 22 35 41 17 2 29 43 52 20 69 83 15 5 30 13 47 6 87 12 78 55 76 91 28 70 58 77 33 40 34 61 24 4 
TEST 27 ARG:94 54 75 22 17 46 57 20 3 9 82 18 97 68 89 86 83 65 50 47 55 27 12 96 25 1 69 4 59 5 38 63 16 99 93 73 10 66 85 95 21 29 2 26 24 15 53 84 90 51 88 45 80 30 35 78 60 71 0 31 36 39 32 48 19 74 79 14 52 58 6 61 34 70 13 7 72 91 67 28 8 37 49 87 92 77 56 42 11 81 44 62 43 41 40 23 64 76 33 98 
TEST 28 ARG:57 97 69 65 7 66 84 2 58 21 98 82 62 5 75 4 94 14 0 78 37 27 60 19 76 12 3 63 61 23 39 36 11 96 31 28 68 43 8 26 70 24 54 9 38 92 6 81 99 29 22 16 56 91 67 10 72 40 32 52 33 79 88 13 85 86 77 15 45 48 1 87 64 47 34 17 59 18 71 83 80 41 49 20 55 51 53 46 73 90 95 30 93 35 25 50 44 89 74 42 
TEST 29 ARG:86 80 89 97 68 41 98 72 30 95 54 70 46 25 59 36 5 53 10 49 7 45 60 81 57 40 37 13 19 85 93 27 67 99 90 83 20 77 50 76 56 26 58 71 33 51 39 73 78 38 91 31 14 47 43 65 92 17 23 74 16 42 79 87 44 4 52 35 21 3 88 8 82 12 62 55 66 22 9 32 34 84 61 18 48 24 6 11 64 75 0 29 69 28 15 2 63 94 1 96 
TEST 30 ARG:60 77 21 83 59 35 88 50 23 18 61 56 14 36 9 74 31 54 73 39 0 91 7 78 52 40 30 41 94 47 86 28 20 55 65 81 49 2 46 85 98 68 89 67 13 32 96 75 58 53 51 63 25 22 29 72 4 93 10 43 70 11 57 48 1 95 19 45 44 15 79 17 8 80 34 27 33 24 82 37 76 12 26 6 69 38 42 84 62 3 90 92 97 64 66 87 16 5 99 71 
TEST 31 ARG:6 50 69 48 73 39 85 42 29 3 11 20 19 68 27 78 83 32 59 80 93 64 62 4 61 51 21 31 45 37 43 44 70 12 90 87 79 99 15 60 46 30 92 22 56 2 67 9 41 55 81 82 28 14 1 49 5 0 77 18 8 96 54 65 98 66 47 34 40 58 10 74 35 86 91 75 76 88 23 36 52 25 71 57 63 94 17 13 97 24 7 38 95 89 84 16 26 33 53 72 
TEST 32 ARG:30 3 94 99 33 69 36 58 31 25 35 95 23 79 56 18 37 24 87 48 70 90 8 14 28 86 65 88 5 54 98 21 68 6 39 45 62 52 11 53 7 20 66 10 42 91 83 77 16 81 93 19 73 32 59 78 26 50 38 74 44 1 97 96 40 2 60 55 13 51 57 47 84 29 49 61 0 27 85 80 15 89 76 17 34 63 75 92 4 41 71 72 64 12 82 43 46 9 67 22 
TEST 33 ARG:82 11 14 73 2 1 68 26 47 24 37 13 12 38 86 94 85 36 15 4 42 65 8 69 59 33 41 5 19 64 40 9 22 74 20 55 54 50 90 3 92 29 93 45 10 32 83 61 49 67 79 34 6 18 66 84 78 91 88 53 75 39 96 52 0 76 23 63 27 70 60 51 17 28 89 98 46 58 87 43 21 31 62 25 16 7 48 71 99 56 57 97 95 77 72 81 35 80 30 44 
TEST 34 ARG:65 56 60 70 49 51 82 38 39 80 63 96 23 26 90 64 42 91 46 27 0 2 48 15 67 25 8 89 87 19 98 93 69 41 62 88 12 37 55 47 31 78 99 79 33 45 77 22 30 7 5 71 14 28 73 75 3 83 17 34 6 10 72 50 40 11 97 84 61 24 18 76 44 1 95 94 54 86 20 58 57 66 13 92 32 52 59 43 29 81 35 85 21 68 53 4 16 74 9 36 
TEST 35 ARG:9 12 81 89 44 21 14 80 26 45 5 11 83 8 49 43 78 38 24 6 29 56 22 85 40 36 50 54 19 91 18 30 15 65 64 4 96 93 7 62 76 47 20 35 88 69 48 33 67 34 32 73 94 95 46 63 57 39 71 82 31 84 55 99 75 0 68 13 52 92 16 2 87 51 59 79 66 70 98 42 97 72 90 37 10 61 17 77 86 27 41 23 60 1 25 28 3 74 58 53 
TEST 36 ARG:84 17 23 5 81 26 50 43 9 29 33 98 0 34 58 63 22 97 96 82 55 65 28 57 99 46 15 61 83 11 53 35 54 24 71 56 52 79 42 16 90 27 62 93 60 73 91 77 70 7 66 1 67 41 89 8 47 45 3 18 32 59 64 72 6 40 78 48 51 37 25 85 36 94 87 92 49 19 69 88 80 86 12 38 21 75 74 20 30 14 68 4 2 95 10 31 76 39 13 44 
TEST 37 ARG:78 17 83 31 63 58 21 8 93 15 77 98 5 52 50 25 1 41 11 40 45 48 12 34 46 65 71 91 32 84 92 18 60 33 54 74 19 75 14 16 55 95 68 62 82 22 79 24 20 3 87 57 73 42 38 28 72 97 59 4 44 37 67 61 29 89 66 27 30 80 94 81 70 47 76 69 85 6 64 0 43 36 26 2 39 86 99 9 88 7 53 49 13 35 51 10 56 96 23 90 
TEST 38 ARG:24 56 23 38 86 40 27 1 6 2 76 7 25 90 92 64 79 41 81 72 75 52 94 89 96 15 34 54 55 17 61 0 93 3 28 80 62 95 42 78 39 53 49 16 58 69 22 20 84 65 31 83 57 21 12 45 47 73 88 5 71 35 33 51 32 46 44 82 68 37 50 97 70 36 18 8 19 48 60 26 66 87 10 63 4 98 14 74 43 11 59 29 13 77 85 30 91 99 67 9 
TEST 40 ARG:44 74 48 40 66 81 69 62 24 23 63 21 77 94 87 22 83 47 12 42 76 79 80 85 15 96 88 8 19 31 67 50 86 51 16 1 26 53 97 95 57 84 13 58 73 33 4 54 70 49 64 9 6 41 55 78 89 65 75 99 46 5 10 28 93 14 91 52 43 68 30 34 45 3 37 71 82 38 18 7 0 39 92 61 27 72 25 20 2 32 35 11 90 60 56 98 29 17 59 36 
TEST 41 ARG:43 47 19 97 10 41 32 8 98 59 18 69 86 76 17 87 77 31 95 48 27 12 67 80 90 23 33 2 20 3 50 21 37 79 53 65 51 9 61 26 81 40 0 66 5 92 78 63 58 75 36 94 1 29 73 99 24 62 56 60 13 88 4 16 44 72 74 42 46 34 49 6 64 83 84 22 15 89 55 82 54 39 14 70 96 45 91 28 68 85 35 11 7 25 57 71 30 38 52 93 
TEST 42 ARG:6 37 49 18 79 59 2 66 84 75 74 58 12 98 33 93 1 67 96 88 85 99 64 41 8 42 80 28 78 60 30 11 90 38 22 36 56 5 73 14 89 55 86 54 40 81 50 24 63 31 95 83 61 62 48 35 15 26 97 10 76 20 39 23 69 51 70 0 9 4 25 87 91 32 44 29 45 13 16 77 46 27 34 52 53 68 94 72 3 71 17 19 47 43 7 82 65 57 21 92 
TEST 43 ARG:19 67 79 39 98 16 66 49 47 50 23 89 15 62 28 48 14 7 71 59 30 51 43 52 74 88 70 64 73 41 10 60 6 20 85 38 33 40 82 93 12 25 31 83 17 5 94 34 45 69 29 87 26 2 81 75 90 35 46 13 36 57 11 63 68 80 58 3 1 91 55 84 95 4 99 24 18 53 22 0 76 27 65 56 42 37 72 54 61 8 9 32 44 96 78 97 77 86 21 92 
TEST 44 ARG:92 55 60 34 98 85 18 56 26 37 29 39 4 24 45 95 35 27 17 90 12 7 75 15 21 19 11 74 68 44 97 73 33 91 89 81 38 69 10 84 87 31 42 83 50 28 58 8 25 62 13 67 5 77 78 66 59 43 47 93 70 65 80 9 53 40 52 0 6 32 86 88 63 36 3 1 16 79 22 49 96 41 76 30 51 94 61 14 99 54 23 71 2 57 20 46 64 48 72 82 
TEST 45 ARG:72 61 30 83 35 12 18 69 86 23 99 94 20 67 26 45 97 92 0 14 43 46 28 50 6 47 1 64 33 95 15 36 56 85 62 80 32 63 5 65 22 21 34 39 9 96 49 89 59 48 76 37 31 98 29 66 44 57 84 13 27 40 2 38 53 16 10 79 51 73 93 19 8 42 88 7 81 3 70 54 87 68 75 91 78 4 17 71 58 25 24 55 60 52 90 11 41 82 74 77 
TEST 46 ARG:30 93 54 47 86 81 97 87 67 63 11 51 96 32 64 85 72 79 16 19 28 98 41 71 25 59 20 1 70 34 38 44 62 66 14 6 9 39 33 89 57 3 60 22 53 49 29 43 46 17 40 82 73 65 12 42 80 74 2 52 0 68 75 84 21 15 61 27 69 48 23 31 7 50 76 78 77 26 88 56 99 83 36 58 24 92 4 45 94 8 5 91 18 90 55 13 35 10 95 37 
TEST 47 ARG:58 70 9 97 27 95 12 72 81 68 15 71 76 32 42 13 91 20 83 2 57 3 86 35 73 16 31 82 44 22 14 56 63 39 45 69 75 67 4 52 94 10 30 48 64 47 40 77 93 62 41 50 54 43 98 19 87 59 61 46 74 60 21 53 99 29 33 36 88 25 55 24 65 92 51 78 6 66 84 49 26 89 28 0 8 34 1 38 7 37 11 85 96 18 17 90 23 79 5 80 
TEST 48 ARG:87 40 51 42 69 77 25 9 76 90 60 61 7 89 57 17 8 93 41 64 35 48 73 4 52 19 10 98 44 11 96 70 81 12 59 47 0 16 13 2 31 62 15 20 24 74 34 97 30 99 67 21 65 88 58 28 32 23 33 3 66 84 54 43 95 94 82 5 18 45 56 85 83 78 49 29 27 36 63 37 39 92 68 55 53 50 26 79 38 1 91 22 14 71 86 6 80 46 75 72 
TEST 49 ARG:37 86 35 98 14 75 79 72 28 97 4 74 25 7 22 53 52 71 56 64 54 46 69 41 81 59 66 33 24 61 99 68 48 0 8 82 1 57 16 42 95 92 30 9 78 73 65 63 39 29 13 96 70 55 49 58 89 47 50 12 17 19 3 88 80 91 87 62 11 38 6 10 5 31 43 44 93 32 60 18 34 85 90 45 2 84 23 21 27 20 76 40 51 83 26 36 77 15 67 94 
TEST 50 ARG:57 7 21 60 0 68 77 65 55 28 11 49 12 13 46 95 29 63 72 90 91 84 48 45 53 62 32 76 42 15 70 6 83 5 58 81 78 36 20 93 19 41 27 31 82 98 2 8 86 80 24 33 34 96 75 14 23 74 64 43 22 37 35 52 92 18 94 88 87 26 1 38 54 97 16 69 85 39 3 44 40 56 79 99 10 71 59 73 30 51 89 50 47 67 17 4 61 25 9 66 
TEST 51 ARG:31 46 9 90 28 88 8 30 73 15 60 65 79 14 0 67 5 18 33 2 82 63 87 78 55 25 32 69 61 19 94 41 13 49 75 1 56 29 71 47 53 81 40 16 21 95 77 70 52 48 57 51 7 72 10 37 92 98 22 23 4 91 93 26 11 97 38 99 66 64 59 24 44 39 20 80 68 3 89 43 34 58 54 74 12 6 36 42 86 17 76 85 35 27 50 45 84 83 96 62 
TEST 52 ARG:33 83 50 72 85 20 78 61 38 58 96 76 26 41 35 34 55 98 73 19 45 30 80 13 23 49 84 90 16 21 22 27 51 44 5 93 60 68 57 81 99 74 67 64 46 77 88 43 87 36 7 79 9 0 65 52 94 42 12 86 2 17 10 14 18 92 82 29 95 71 75 4 11 69 91 59 63 47 62 28 48 24 39 3 32 1 15 31 66 53 54 6 56 37 40 25 8 97 70 89 
TEST 54 ARG:42 0 65 89 14 29 45 11 33 64 54 95 61 35 4 49 60 39 19 55 28 23 26 20 47 69 12 56 78 41 37 91 17 30 97 76 36 80 13 18 84 16 40 67 99 68 70 24 87 10 88 43 81 6 96 77 92 79 34 83 48 8 25 62 53 82 2 50 58 98 38 51 75 90 72 32 21 57 71 85 94 1 63 27 46 15 9 73 86 93 5 52 3 59 66 31 44 74 22 7 
TEST 55 ARG:52 0 42 95 31 29 49 62 41 54 92 7 14 56 2 77 46 3 75 89 50 37 76 85 45 99 67 93 39 30 51 90 44 71 66 4 26 35 60 87 22 70 19 83 28 24 59 1 69 58 23 12 74 84 73 53 17 9 57 65 6 40 61 47 34 55 20 38 8 79 27 72 97 81 16 80 36 33 94 10 15 98 25 88 11 96 64 32 18 86 91 82 68 21 48 43 63 5 13 78 
TEST 56 ARG:17 96 24 66 87 58 73 1 91 29 26 90 65 78 69 93 56 80 15 36 88 53 39 20 41 46 28 47 55 21 97 31 22 6 67 50 61 75 92 12 60 11 76 4 16 82 57 5 94 7 83 0 33 3 43 89 2 86 45 19 77 44 23 72 54 18 40 49 42 32 13 99 52 8 34 9 14 64 85 35 71 95 74 59 79 81 37 25 68 38 10 63 84 51 48 30 62 27 70 98 
TEST 57 ARG:14 21 30 75 57 47 5 20 93 23 61 38 41 87 46 36 70 67 95 33 24 19 73 27 45 60 83 51 69 35 98 82 39 88 91 29 6 50 25 26 66 99 11 31 63 3 49 15 34 80 42 12 58 16 4 37 64 53 77 8 92 28 17 7 97 79 86 59 65 1 54 89 13 84 85 40 74 96 78 22 2 76 48 90 71 32 52 0 62 18 81 72 68 55 10 56 43 9 94 44 
TEST 58 ARG:90 96 10 62 77 0 65 22 66 56 60 17 25 46 24 97 4 12 29 88 21 23 8 64 69 45 7 11 78 37 73 58 86 68 67 9 27 63 51 38 72 15 53 84 61 52 93 55 40 80 28 20 59 16 92 83 48 79 2 34 33 98 94 32 74 26 81 42 39 91 76 82 57 19 35 50 13 71 6 47 49 36 70 30 18 31 41 43 44 5 99 14 89 85 95 75 3 1 87 54 
TEST 59 ARG:21 20 46 33 65 28 29 2 49 48 4 84 3 16 52 94 80 12 81 61 86 5 89 97 22 98 55 42 77 38 27 54 9 90 47 7 25 75 72 39 18 53 79 57 19 11 96 76 58 93 69 32 36 50 35 56 70 88 14 74 10 34 1 40 99 66 44 8 95 43 45 0 30 26 60 62 91 13 17 87 23 78 15 92 24 68 59 37 41 67 31 63 64 82 73 6 85 83 51 71 
TEST 60 ARG:56 3 10 40 87 4 24 17 68 46 72 69 33 1 67 57 30 12 0 16 23 95 42 77 85 39 62 76 91 59 41 74 97 58 90 7 89 60 11 49 9 80 55 19 94 47 52 96 82 86 63 65 20 99 51 22 32 73 44 31 8 13 88 43 26 84 53 34 98 78 2 54 38 25 66 61 64 48 29 71 28 37 27 83 18 79 45 21 70 75 50 5 92 15 35 6 36 93 81 14 
TEST 61 ARG:48 49 33 81 93 39 77 71 65 61 98 24 46 20 11 89 85 88 32 50 58 69 37 15 27 22 42 91 68 67 1 3 86 30 7 87 44 18 52 63 90 59 79 13 74 72 83 92 19 4 2 26 36 76 66 94 80 47 82 60 54 43 5 12 64 28 95 29 62 53 97 25 70 0 34 16 38 40 84 8 35 14 57 45 21 17 55 75 9 96 78 23 41 56 10 51 99 31 73 6 
TEST 62 ARG:4 15 10 81 8 44 65 78 3 34 62 9 61 38 28 0 47 72 35 26 45 29 57 12 97 14 2 58 17 88 86 36 55 99 32 51 80 95 16 94 67 19 39 13 11 21 76 24 22 30 54 50 52 33 5 53 18 40 42 64 66 59 56 74 87 49 75 41 60 89 27 6 79 63 96 84 1 23 37 43 93 69 7 48 91 82 98 31 83 68 70 77 46 25 90 92 73 71 85 20 
TEST 63 ARG:76 94 22 31 74 47 8 40 7 41 23 85 28 16 60 70 35 46 26 72 11 95 53 82 88 54 0 3 75 17 36 64 45 84 80 93 39 48 59 24 1 18 98 50 69 21 62 6 86 61 79 58 96 71 68 87 20 73 44 38 13 56 78 29 42 37 52 10 51 32 49 14 12 65 2 19 90 55 15 30 66 67 63 89 92 81 9 77 4 91 25 83 27 57 97 99 33 34 5 43 
TEST 64 ARG:41 3 52 76 72 99 1 84 45 91 29 0 16 56 12 17 80 81 79 54 97 37 60 55 65 19 38 59 82 20 63 57 15 88 34 14 18 70 21 51 27 23 98 87 96 6 66 47 85 11 69 73 36 48 53 10 67 89 90 93 68 30 24 9 13 61 43 77 39 8 4 25 78 7 64 95 31 32 94 49 42 26 74 83 75 35 62 40 28 33 46 44 86 92 50 2 5 71 58 22 
TEST 65 ARG:99 72 14 31 92 70 84 56 71 68 48 24 3 95 5 15 21 2 50 46 80 12 20 19 87 64 16 17 18 78 98 65 82 22 89 49 4 63 0 59 75 85 28 8 96 25 35 43 55 58 76 51 37 66 60 41 83 97 69 40 39 42 44 86 79 73 6 33 67 13 54 53 34 94 23 62 26 93 29 52 10 77 74 81 32 45 57 1 91 38 27 90 88 61 7 30 36 11 47 9 
TEST 66 ARG:17 39 81 3 33 69 51 87 37 78 58 19 88 36 27 85 9 67 8 28 61 94 59 41 97 18 46 47 65 64 10 66 31 79 72 16 15 71 83 75 74 30 11 48 56 35 12 29 99 50 1 23 96 6 53 90 89 98 54 21 42 14 60 57 77 24 45 80 82 55 2 70 22 4 86 26 20 73 62 34 43 92 84 68 44 40 93 5 38 76 91 52 95 25 13 49 63 32 7 0 
TEST 67 ARG:2 64 81 7 92 45 57 53 82 0 85 22 87 90 12 79 84 27 66 41 21 39 74 4 25 78 86 91 6 10 55 75 47 56 61 59 26 40 18 32 51 24 15 88 68 19 67 33 5 46 36 1 16 44 43 96 63 54 71 9 49 70 8 62 97 77 42 65 50 99 38 13 83 31 98 58 28 23 93 37 29 94 34 20 52 76 3 80 14 95 60 89 17 48 72 35 73 69 30 11 
TEST 68 ARG:49 72 66 11 87 95 41 81 64 62 32 43 2 12 6 96 53 18 92 7 28 74 76 4 5 50 80 8 75 34 39 46 14 57 47 33 38 24 26 42 84 19 23 85 36 71 88 51 20 27 94 86 99 52 55 56 79 25 91 48 77 61 73 30 54 45 93 90 60 82 17 78 21 70 16 1 44 22 13 37 59 65 58 0 29 97 15 83 68 98 89 3 69 10 9 40 35 67 63 31 
TEST 69 ARG:24 5 86 35 7 84 14 30 52 3 83 61 62 8 11 50 82 2 40 43 45 71 1 65 98 56 44 94 0 33 28 13 34 67 88 12 70 76 19 23 20 53 73 99 60 92 74 68 81 38 72 77 97 85 36 32 96 10 42 49 87 63 89 9 58 15 26 69 46 80 39 90 66 78 51 31 29 79 48 17 59 25 47 18 75 64 16 54 22 21 91 95 27 6 57 37 41 55 4 93 
TEST 70 ARG:89 65 88 10 6 13 44 67 95 31 9 27 33 70 75 18 64 29 42 56 80 71 16 22 48 61 8 25 97 28 39 54 23 93 46 99 69 55 40 35 85 3 82 34 49 41 20 98 81 72 52 74 57 90 59 4 45 66 87 78 19 51 50 79 91 24 30 47 60 32 5 62 58 37 15 83 43 73 1 0 36 26 38 11 17 77 14 94 68 84 63 76 21 12 92 7 2 53 86 96 
TEST 71 ARG:11 13 48 62 96 34 57 40 74 49 12 6 61 58 31 18 14 50 30 16 75 68 21 47 66 15 2 42 39 63 27 1 28 83 43 32 82 4 3 51 45 20 84 33 0 81 5 23 8 69 99 25 85 41 73 67 56 53 80 9 78 90 94 35 95 54 26 60 93 97 92 72 65 46 76 91 59 71 88 44 98 79 86 52 87 37 19 29 64 17 77 36 89 55 24 7 70 10 22 38 
TEST 72 ARG:86 23 64 62 81 87 75 46 70 77 83 3 37 88 5 99 30 60 2 55 63 54 84 73 98 35 4 36 76 1 0 92 41 74 43 24 51 95 9 59 94 79 20 49 33 16 28 57 78 65 91 72 18 50 7 71 47 21 61 56 52 85 29 25 19 58 53 90 40 22 11 17 32 31 38 39 12 27 97 42 96 14 34 69 82 68 6 10 44 13 45 26 80 93 89 66 8 48 15 67 
TEST 73 ARG:34 68 26 89 70 61 40 17 85 19 67 21 80 39 14 6 88 84 47 91 72 30 31 8 81 64 55 66 87 20 77 10 65 51 62 16 9 7 46 97 44 4 11 37 33 79 83 53 93 82 78 24 3 38 25 48 95 99 32 92 29 36 23 12 41 74 42 73 45 13 94 52 22 76 27 98 90 2 63 49 71 58 50 56 43 1 5 86 96 75 57 18 35 54 15 0 69 59 28 60 
TEST 74 ARG:57 92 34 98 73 70 10 94 13 15 74 8 45 52 14 49 96 11 36 32 42 38 84 69 18 2 12 99 67 97 83 61 77 9 78 26 90 86 58 71 20 65 28 76 4 22 85 62 25 93 7 72 88 80 19 17 37 59 46 81 23 95 63 1 43 55 89 27 47 31 21 16 40 35 6 41 51 39 44 5 29 30 60 87 33 24 75 0 68 91 54 66 64 48 3 53 79 50 56 82 
TEST 75 ARG:45 59 92 69 31 90 91 47 85 28 70 10 49 87 41 1 61 15 84 82 89 43 26 46 51 99 27 19 56 72 30 13 36 53 68 33 77 48 79 25 5 54 16 97 55 71 18 32 24 52 23 38 64 42 81 40 44 75 63 20 4 76 37 78 12 73 2 29 3 67 58 0 98 6 35 80 11 57 60 50 14 8 39 22 96 62 7 95 86 34 88 93 66 21 94 9 17 83 74 65 
TEST 76 ARG:23 3 45 97 29 28 31 62 50 36 24 43 72 0 70 35 1 92 86 26 40 73 74 87 69 63 98 56 52 8 80 41 13 6 54 10 32 96 77 12 64 4 60 71 47 59 58 51 42 53 93 25 66 44 22 16 9 49 76 20 81 11 83 38 99 27 57 75 7 33 2 18 37 94 61 34 85 5 15 46 65 95 30 68 82 14 55 17 79 78 19 21 39 90 48 84 67 88 91 89 
TEST 77 ARG:91 96 16 66 84 1 58 57 80 71 47 86 37 72 11 22 42 98 59 39 52 20 43 78 13 10 17 70 9 46 41 40 60 50 34 8 33 64 87 2 54 4 89 81 76 99 23 35 63 32 0 56 53 61 75 77 95 7 19 21 94 45 88 26 28 3 90 85 62 82 67 48 36 15 92 51 68 29 25 73 31 65 12 55 6 49 38 93 27 5 14 30 74 69 79 24 18 83 97 44 
TEST 78 ARG:15 87 81 18 79 12 30 76 45 24 16 34 26 72 39 68 2 57 40 51 31 64 8 38 7 98 6 91 77 5 56 96 92 32 86 65 10 67 85 36 53 55 78 11 94 28 80 99 47 88 71 9 66 27 70 17 50 62 58 69 63 29 95 13 83 75 61 41 82 60 25 90 44 19 54 48 89 1 59 46 21 35 52 4 49 42 43 74 84 33 20 93 37 23 22 97 0 73 3 14 
TEST 79 ARG:12 67 74 47 17 34 55 7 37 71 73 64 15 23 90 19 31 91 96 48 65 29 44 13 50 58 6 41 43 25 62 78 51 81 2 39 79 75 38 94 1 27 42 63 3 4 93 10 9 98 61 35 33 69 92 95 26 83 18 59 46 0 53 24 11 32 89 52 84 5 16 82 45 60 49 80 85 76 99 22 88 70 40 97 21 57 30 20 77 66 87 14 72 36 56 68 28 86 8 54 
TEST 80 ARG:48 79 7 41 30 3 68 17 54 60 56 95 29 90 55 70 12 33 59 2 58 31 19 98 4 40 72 44 91 64 63 32 93 52 84 73 27 8 86 21 83 74 45 75 1 42 37 62 47 76 24 69 18 22 49 13 39 26 88 65 6 51 5 97 80 28 53 81 96 14 34 89 38 11 9 20 71 61 36 46 94 82 25 77 50 43 92 87 16 78 0 35 23 67 10 85 66 99 15 57 
TEST 81 ARG:1 95 12 65 79 11 18 59 78 30 98 2 94 43 58 36 82 49 46 77 20 37 74 55 87 42 48 21 52 96 26 50 90 23 81 64 99 40 75 28 45 92 73 10 61 16 53 70 85 33 17 14 3 8 76 47 25 69 89 32 4 66 13 41 62 84 44 60 88 72 38 19 22 39 5 93 9 67 91 6 7 86 54 15 29 27 68 56 35 24 0 83 31 71 63 51 34 80 57 97 
TEST 82 ARG:94 81 86 30 87 54 6 57 47 65 80 17 49 22 4 62 31 69 48 35 84 56 93 90 72 26 37 67 82 3 88 34 1 70 15 2 50 28 8 76 66 7 83 32 16 42 73 12 98 10 63 85 14 60 40 51 78 92 39 53 77 29 20 97 99 33 46 55 0 91 58 96 11 52 24 41 95 43 89 68 38 59 71 27 5 75 19 13 9 61 64 25 18 36 79 74 44 21 23 45 
TEST 83 ARG:4 57 43 36 84 52 34 6 59 94 63 12 1 77 90 11 81 48 99 23 82 64 22 62 45 85 10 42 79 44 87 37 69 38 3 70 96 97 72 13 60 51 98 73 24 56 14 49 66 2 28 35 27 16 0 18 50 5 17 67 55 61 83 54 20 21 30 71 25 76 80 88 41 91 93 92 33 7 65 75 26 68 47 39 29 89 15 86 31 19 58 40 32 46 95 53 8 78 74 9 
TEST 84 ARG:88 73 20 47 59 0 40 94 8 81 12 51 15 1 21 27 26 80 4 71 91 77 97 46 10 63 38 90 62 66 16 19 7 53 5 11 6 36 39 42 29 67 45 79 72 78 54 34 89 87 56 65 68 9 58 93 24 64 82 85 18 37 44 75 83 57 96 52 3 69 30 76 32 98 33 84 13 43 48 25 49 74 14 55 23 60 17 86 31 92 22 2 61 41 28 35 95 50 70 99 
TEST 85 ARG:75 54 62 84 12 98 24 4 42 16 80 25 14 30 78 46 82 17 95 58 9 94 0 40 43 83 1 51 85 70 38 86 27 63 8 77 49 20 57 56 11 61 60 87 96 65 72 47 92 55 76 5 35 79 99 15 19 67 52 23 93 45 53 36 37 88 21 50 10 28 32 29 74 81 73 68 41 71 6 48 39 66 97 26 13 69 44 33 18 31 7 2 34 89 64 59 22 3 90 91 
TEST 86 ARG:41 20 56 45 31 22 27 59 94 18 15 62 80 21 38 12 66 79 8 52 26 48 90 70 81 63 39 16 75 67 46 71 99 49 88 53 64 57 4 65 17 76 36 5 95 78 14 93 69 40 58 44 10 68 29 11 47 60 50 73 35 74 87 30 28 9 32 54 23 19 96 55 13 77 1 83 97 86 61 51 3 34 85 2 0 72 84 43 37 91 42 89 7 33 92 24 98 25 6 82 
TEST 87 ARG:77 53 34 41 1 9 76 94 68 51 31 5 44 3 35 82 87 23 66 29 69 14 28 60 8 65 96 22 27 80 43 10 52 7 19 13 72 32 81 85 78 40 71 16 42 79 12 4 95 15 91 0 89 99 24 2 75 56 97 39 57 21 6 90 74 88 64 20 83 50 92 37 46 36 38 26 98 25 18 63 84 30 70 73 33 62 54 58 48 47 17 49 93 11 55 67 59 45 61 86 
TEST 88 ARG:24 84 28 66 32 3 78 40 97 4 75 64 54 33 51 61 71 47 43 2 39 50 52 13 6 27 1 81 83 36 76 57 70 82 49 41 0 34 46 9 16 92 98 29 7 26 55 86 42 5 99 62 63 74 77 60 15 85 38 53 19 69 12 91 96 11 18 23 20 21 44 87 14 93 48 65 79 73 45 10 94 95 58 22 8 35 72 90 56 89 68 31 17 67 30 37 25 80 88 59 
TEST 89 ARG:14 74 55 11 65 68 9 1 18 23 0 7 35 78 4 12 30 47 53 33 90 98 41 13 76 51 97 71 27 66 3 5 79 56 10 60 19 26 45 93 85 96 43 6 62 77 46 75 17 38 15 25 82 36 58 70 39 24 21 40 94 52 37 64 54 89 29 91 8 50 48 22 44 42 80 67 81 87 92 57 99 34 73 28 72 59 20 95 49 32 86 83 61 31 84 2 88 63 16 69 
TEST 90 ARG:15 62 59 80 45 74 24 55 56 7 82 31 54 92 90 60 81 9 40 57 73 6 26 43 75 3 34 65 5 58 76 2 11 27 22 84 36 38 8 52 79 95 96 53 78 89 85 61 13 0 12 19 94 77 98 35 71 99 44 63 66 14 41 46 49 48 25 83 33 1 69 64 39 21 16 93 10 30 51 4 18 20 23 29 97 86 88 42 67 91 17 32 87 72 50 28 70 37 68 47 
TEST 91 ARG:66 3 85 63 53 74 21 7 0 82 25 50 62 58 36 30 70 67 94 55 39 5 81 45 42 59 15 52 4 76 40 17 83 32 80 57 41 35 16 9 38 77 48 12 60 27 79 71 47 93 84 49 73 33 11 22 19 56 68 87 78 98 69 6 23 99 26 97 24 61 89 10 18 65 64 96 29 90 91 75 20 95 43 14 44 92 1 72 46 54 28 34 51 8 88 13 37 2 31 86 
TEST 92 ARG:4 81 43 76 99 98 63 86 85 33 74 61 32 7 34 66 71 5 21 75 80 25 42 38 93 51 18 87 49 69 56 73 16 3 68 58 15 1 90 77 55 95 35 60 94 78 37 13 27 14 6 89 22 36 31 92 45 30 88 29 26 82 24 96 11 46 50 59 2 12 62 65 47 41 52 9 39 70 17 83 53 0 67 97 48 20 28 8 40 23 44 72 84 91 79 10 64 19 54 57 
TEST 93 ARG:53 44 2 95 89 67 63 65 91 15 84 28 21 88 9 56 48 19 92 42 70 13 27 87 79 3 23 7 82 77 43 8 90 14 60 11 97 50 57 80 69 1 96 5 99 29 37 55 47 39 86 26 33 30 38 36 45 46 73 62 40 49 66 22 52 6 17 93 12 51 18 35 20 54 58 32 41 64 10 81 4 78 98 83 31 16 71 34 74 59 0 68 61 75 25 72 85 94 24 76 
TEST 94 ARG:6 88 39 83 3 24 70 51 74 80 71 53 34 9 22 65 28 63 29 58 41 7 89 0 68 52 92 85 5 82 43 44 30 61 84 98 50 91 12 79 75 32 31 55 10 25 86 72 2 40 97 94 96 95 13 93 69 21 48 14 62 67 35 15 57 37 26 20 45 59 54 49 27 4 90 38 8 47 56 66 18 42 81 64 36 23 33 17 16 87 77 60 99 73 1 19 78 76 46 11 
TEST 95 ARG:24 51 57 22 46 33 40 87 93 25 62 86 14 42 38 52 76 11 2 70 73 72 6 39 28 95 63 50 91 15 99 97 0 48 80 5 16 56 69 8 79 67 32 43 9 20 58 31 10 27 90 49 96 89 18 71 44 85 65 94 21 68 13 83 17 53 30 59 4 88 60 12 61 1 74 77 98 36 26 47 23 29 78 54 66 7 35 34 84 55 64 75 92 3 81 41 82 45 37 19 
TEST 96 ARG:88 58 81 49 67 93 74 84 41 19 69 59 32 95 94 40 28 86 29 85 82 38 35 14 64 7 42 44 45 50 51 26 36 92 0 18 61 30 20 76 34 4 99 21 98 25 56 79 90 97 83 17 39 43 33 70 31 71 80 23 75 87 16 11 1 62 48 3 10 60 27 46 2 72 22 24 8 91 15 37 12 47 53 96 13 65 66 52 55 78 68 5 57 89 54 63 6 73 77 9 
TEST 97 ARG:52 96 82 91 41 67 33 57 87 50 63 26 20 99 72 79 43 25 61 42 28 77 8 32 97 81 95 5 85 17 94 12 0 65 84 40 74 27 38 16 29 64 83 2 45 44 48 7 9 69 98 71 47 66 21 18 30 62 55 19 93 92 35 73 60 53 37 14 88 1 80 49 10 15 68 36 24 13 3 4 54 89 58 6 22 11 56 31 75 90 86 78 34 70 51 39 23 59 76 46 
TEST 98 ARG:28 96 54 18 52 73 63 51 26 39 62 72 43 92 84 67 36 14 77 2 99 69 23 90 30 6 53 17 94 13 22 27 81 55 64 68 35 87 79 65 24 50 78 95 44 42 61 34 97 46 48 1 3 85 45 56 12 7 32 83 10 15 20 57 60 8 47 40 76 29 59 74 16 82 80 98 33 21 5 86 31 41 58 11 71 25 91 70 75 89 19 88 66 9 37 93 0 38 4 49 
TEST 99 ARG:37 20 36 5 96 71 93 15 97 65 41 42 9 22 48 4 99 52 6 23 27 59 88 16 19 26 87 2 63 21 53 64 57 30 24 84 69 95 32 78 25 11 60 62 0 34 31 92 10 3 38 43 40 55 18 68 66 89 83 8 70 28 86 91 82 35 72 29 12 46 44 77 39 17 51 76 13 98 1 85 50 14 7 74 90 54 67 79 94 45 56 33 81 73 80 49 58 61 47 75 
TEST 100 ARG:19 62 97 96 81 53 48 41 9 14 46 72 63 1 68 87 44 32 79 76 66 11 40 57 33 31 75 82 5 38 15 3 6 65 22 37 60 51 50 89 49 74 71 28 2 43 21 17 58 84 73 99 78 59 69 93 54 29 13 77 20 67 24 25 4 18 83 64 56 91 23 8 80 92 52 34 7 12 42 47 90 45 16 27 98 39 30 86 88 36 61 26 70 94 10 95 0 35 85 55 
TEST 101 ARG:39 15 26 85 97 65 61 41 4 0 99 52 32 46 16 88 9 34 7 86 37 8 47 96 12 74 63 42 21 38 36 89 35 30 81 71 79 66 51 57 43 20 75 45 60 25 10 64 53 40 13 31 90 23 70 19 93 67 22 3 62 84 77 73 49 95 68 24 87 83 91 1 6 17 80 33 92 29 82 56 54 48 76 69 11 2 28 14 18 27 5 55 50 58 72 94 78 44 59 98 
TEST 102 ARG:37 71 81 51 93 78 55 83 40 34 73 60 17 1 90 22 67 95 38 21 41 23 54 87 61 72 25 13 96 12 24 11 64 85 5 75 89 84 52 2 32 43 88 79 10 48 44 59 50 62 15 18 97 74 70 9 26 92 8 65 68 76 86 35 80 14 66 47 98 39 42 49 33 27 0 20 57 4 45 28 16 46 69 6 82 58 94 7 19 53 91 29 63 36 77 31 99 56 3 30 
TEST 103 ARG:66 63 72 53 80 73 92 14 86 78 44 12 98 46 43 22 97 18 9 67 33 48 47 31 29 34 13 50 57 1 90 25 62 42 23 32 89 69 88 36 82 81 74 7 37 64 26 83 58 5 60 11 68 39 17 6 59 76 28 40 95 54 52 10 91 45 27 35 94 16 20 56 93 30 21 41 61 2 8 87 24 0 85 77 65 55 19 70 49 3 15 84 79 99 96 51 71 38 75 4 
TEST 104 ARG:22 17 40 59 64 20 51 71 72 63 67 46 6 35 44 8 98 90 33 82 2 74 54 21 12 41 75 80 91 89 3 79 38 45 96 25 78 99 24 37 58 62 10 56 39 49 55 60 88 14 87 43 52 53 61 16 84 77 19 23 57 73 36 9 1 93 83 81 26 28 76 70 97 68 65 85 86 47 92 34 29 18 0 30 13 50 95 11 5 42 48 15 66 94 32 31 4 7 27 69 
TEST 105 ARG:88 25 51 74 16 8 69 54 59 94 87 15 2 68 22 29 95 46 84 35 72 61 44 81 62 96 31 13 89 7 53 63 34 36 97 18 1 19 60 66 27 26 50 33 83 43 64 37 98 47 17 48 76 91 14 75 28 38 55 21 20 65 80 39 10 93 5 78 52 45 3 57 6 4 24 56 12 82 9 41 90 92 11 0 73 32 70 23 71 40 67 99 42 77 30 58 85 86 49 79 
TEST 106 ARG:39 61 85 69 17 15 35 81 80 25 20 58 9 82 33 70 73 53 50 86 10 12 63 99 75 16 24 8 52 62 59 36 98 93 83 6 56 46 88 43 60 3 27 31 89 26 54 68 29 84 40 23 55 66 28 37 76 78 38 13 48 32 90 77 18 49 47 51 11 21 74 5 34 14 4 7 2 0 42 91 95 45 65 92 97 94 96 71 19 1 87 41 22 64 57 44 67 79 30 72 
TEST 107 ARG:37 44 21 66 92 85 49 84 2 95 46 41 0 82 17 15 7 77 29 89 64 81 31 11 99 12 40 4 93 70 74 48 72 83 42 36 58 75 27 14 59 57 88 79 10 47 8 86 76 9 25 5 20 67 51 1 55 91 63 22 52 16 34 45 6 50 56 33 18 60 30 26 80 3 23 98 13 61 68 43 62 97 35 87 54 78 71 39 19 90 38 69 53 96 65 94 28 24 73 32 
TEST 108 ARG:66 89 98 26 25 41 36 55 96 37 30 64 84 81 58 61 22 97 45 5 7 70 32 71 75 90 39 88 18 8 34 16 60 69 50 11 31 44 10 20 80 82 40 56 53 79 24 52 6 59 42 83 0 63 28 3 68 23 33 19 54 65 76 94 2 4 85 21 49 67 38 73 9 51 47 43 86 14 12 72 87 13 29 62 74 93 15 1 92 57 27 46 17 91 48 77 35 95 78 99 
TEST 109 ARG:38 65 6 18 98 47 2 93 48 36 32 73 78 99 82 19 56 1 25 15 31 58 51 7 76 88 96 63 12 89 49 33 4 77 26 92 53 95 45 42 90 84 37 39 83 22 13 70 87 61 29 69 0 21 35 52 85 79 75 40 81 54 3 43 68 24 27 41 80 67 20 97 14 74 16 60 46 72 9 94 66 64 86 11 10 44 23 28 34 59 71 57 17 55 30 62 91 5 50 8 
TEST 110 ARG:94 17 29 99 18 12 68 82 97 53 96 49 60 24 4 33 13 10 28 48 20 87 0 31 46 90 21 9 81 2 79 85 62 55 93 78 22 74 23 71 76 44 32 19 73 65 42 30 40 14 66 1 39 69 61 16 15 77 37 92 86 56 67 3 64 50 84 36 7 91 95 52 41 63 45 34 75 25 26 11 98 80 88 58 38 47 89 59 35 5 27 70 83 8 51 6 54 57 43 72 
TEST 111 ARG:30 37 21 45 34 48 2 68 23 29 53 67 85 10 82 64 9 25 73 86 44 60 8 28 27 95 24 12 69 17 97 66 54 42 51 38 90 77 6 22 1 65 57 32 13 36 16 63 31 71 26 33 70 99 76 43 59 40 7 56 81 78 4 88 96 0 72 75 62 91 5 47 92 89 87 3 39 55 35 61 41 84 98 14 74 11 20 52 50 80 19 15 94 93 49 79 18 58 46 83 
TEST 112 ARG:79 62 89 8 19 63 97 7 1 29 98 4 11 35 85 20 75 65 72 22 2 39 87 9 36 83 46 74 34 91 60 12 0 73 88 99 53 6 27 78 13 51 69 49 76 55 56 82 33 66 52 96 42 80 47 95 24 77 64 57 45 30 18 28 3 5 50 94 10 58 44 84 92 48 61 17 31 21 68 81 15 86 40 41 59 54 70 71 43 32 14 25 93 38 26 90 16 23 67 37 
TEST 113 ARG:57 75 22 28 40 63 97 34 73 61 41 43 35 86 23 88 18 30 24 17 58 21 67 54 78 13 68 26 59 87 27 92 31 65 7 8 94 76 2 10 51 82 42 79 77 32 16 50 5 98 84 0 80 36 37 29 3 52 49 90 47 83 64 70 39 20 9 60 38 71 53 19 46 89 93 15 91 48 11 72 99 56 85 96 69 25 33 14 55 81 62 44 12 45 66 4 1 95 6 74 
TEST 114 ARG:13 68 75 4 69 55 63 90 99 54 91 12 67 42 6 19 37 10 9 2 0 96 1 28 43 58 38 94 85 78 84 48 44 83 87 80 21 73 81 5 41 82 24 79 95 27 60 64 34 15 93 52 66 32 11 72 74 22 57 29 20 71 25 14 33 50 18 31 26 88 8 46 76 51 35 45 89 16 56 97 62 17 7 86 49 53 30 92 70 98 65 23 77 3 40 59 36 39 47 61 
TEST 115 ARG:35 5 38 74 33 60 94 20 32 1 24 83 71 67 78 68 58 40 53 62 95 21 44 0 26 15 13 61 17 55 89 54 49 4 92 77 69 91 10 66 22 3 75 30 79 86 39 43 23 81 7 84 90 16 29 57 63 99 36 28 98 70 46 65 56 64 27 47 11 51 34 9 8 19 12 88 80 18 45 31 42 93 14 25 48 72 59 52 50 2 73 6 41 37 97 96 87 82 85 76 
TEST 116 ARG:24 31 64 19 91 42 44 48 29 65 7 14 51 38 47 32 73 92 49 77 83 5 69 80 26 66 15 21 59 88 11 41 71 17 81 10 45 34 8 94 56 16 33 18 60 6 28 39 37 61 75 30 72 35 89 62 23 63 86 99 70 27 46 90 0 13 20 53 3 82 22 85 12 84 57 68 54 50 36 67 4 97 79 58 40 76 96 98 95 87 52 43 25 1 74 55 9 93 78 2 
TEST 117 ARG:29 69 32 17 50 15 43 8 16 66 14 46 11 55 18 59 20 88 80 19 2 52 67 78 62 53 96 42 90 30 81 36 93 58 75 92 70 3 85 27 34 10 0 23 74 13 4 89 51 87 48 60 95 38 54 79 63 41 21 65 37 61 44 94 97 86 9 84 25 82 73 98 72 39 31 56 35 28 12 83 71 91 76 6 49 99 40 33 57 7 47 22 26 5 1 68 24 45 64 77 
TEST 118 ARG:16 77 17 89 84 5 20 76 90 32 69 12 57 29 62 34 95 37 99 7 55 65 82 3 31 10 35 70 75 15 47 26 8 46 68 91 4 61 51 48 50 23 18 85 88 33 66 53 11 60 13 73 39 25 63 28 42 64 80 54 22 81 27 83 24 14 52 86 74 21 38 96 72 2 30 92 87 67 94 93 49 40 45 41 6 59 98 19 56 44 58 78 36 97 79 43 9 0 1 71 
TEST 119 ARG:70 8 17 68 46 41 3 69 34 59 14 57 1 51 60 13 82 31 22 94 24 39 0 78 99 77 62 97 7 18 75 2 52 23 61 53 81 19 73 80 86 64 40 16 25 12 63 9 89 43 47 28 85 45 56 72 37 71 30 20 32 27 88 50 29 11 36 93 67 21 83 96 44 87 4 58 55 91 33 26 54 35 49 10 84 79 42 38 98 6 95 66 92 90 48 65 5 76 15 74 
TEST 120 ARG:23 22 50 25 53 36 40 49 43 76 21 74 69 52 27 32 72 2 24 44 5 71 55 31 28 30 70 6 9 58 82 96 75 48 90 35 34 65 98 47 85 1 38 26 73 68 12 29 19 64 81 42 67 61 8 3 94 63 20 37 88 99 51 17 92 0 10 7 97 86 80 11 16 56 87 91 14 93 57 46 77 78 4 59 39 13 60 66 83 62 41 89 33 79 84 54 18 95 45 15 
TEST 121 ARG:53 83 64 14 25 85 1 95 7 79 96 89 94 84 40 70 2 49 20 24 57 55 59 3 56 72 61 97 73 58 86 93 75 5 29 45 26 22 76 54 39 68 16 71 13 41 42 62 65 78 52 50 66 43 28 74 46 77 38 12 98 90 47 82 51 18 92 15 4 6 91 81 34 99 88 37 32 27 60 67 10 35 21 31 9 0 63 36 44 17 48 80 33 19 30 87 23 69 11 8 
TEST 122 ARG:46 70 3 53 37 69 16 30 85 73 9 94 45 99 83 61 57 80 24 75 21 59 76 71 81 12 95 48 44 19 40 20 49 27 36 2 38 79 54 88 82 7 39 28 86 89 33 17 41 11 47 52 5 34 93 58 8 25 98 56 62 68 29 87 43 32 14 78 42 23 65 72 96 6 64 22 60 13 63 15 35 97 51 90 74 67 10 4 77 66 55 18 1 0 92 50 31 84 91 26 
TEST 123 ARG:18 69 36 66 1 76 50 28 21 13 73 17 5 43 79 16 78 93 84 8 89 26 80 51 77 9 53 62 58 57 15 70 54 97 4 55 20 94 0 52 42 81 39 7 6 99 67 45 44 59 85 72 41 38 33 65 68 48 25 37 46 95 61 34 75 12 90 27 87 14 32 74 47 2 3 24 86 49 83 23 30 88 98 56 10 29 11 19 40 35 31 92 60 63 96 71 91 22 82 64 
TEST 124 ARG:20 66 16 90 12 34 32 91 14 44 75 2 81 70 77 78 63 65 96 62 49 88 1 38 87 26 94 82 48 21 53 98 31 67 52 23 10 64 33 68 4 54 30 89 35 0 79 71 73 13 80 85 22 56 76 18 86 41 37 60 27 95 9 11 39 93 5 17 25 36 59 61 51 46 43 83 15 7 57 99 28 47 19 45 6 40 42 29 74 58 97 50 55 72 92 84 8 3 69 24 
TEST 125 ARG:75 60 41 19 61 93 1 77 34 42 72 48 90 7 97 21 12 53 32 47 45 16 11 54 85 13 17 56 23 10 22 46 4 38 6 74 68 64 15 40 50 43 18 67 79 83 9 25 65 49 70 59 78 86 91 20 51 29 76 84 99 63 88 82 35 36 81 94 31 24 95 2 62 8 26 33 80 87 69 5 14 96 73 28 55 58 52 66 37 71 3 30 0 39 57 89 92 98 27 44 
TEST 126 ARG:93 84 10 60 11 21 56 74 36 91 77 99 75 85 70 76 3 20 15 71 5 13 82 26 89 19 4 98 65 95 68 1 94 6 59 73 40 44 51 28 25 50 86 2 83 43 80 14 8 33 87 22 64 31 96 17 32 41 61 79 12 92 47 45 53 57 81 27 38 24 39 37 52 7 48 90 66 49 23 58 18 78 29 69 46 55 34 42 9 97 16 72 0 35 54 30 63 62 67 88 
TEST 127 ARG:67 15 46 89 55 66 32 92 42 9 73 80 11 93 13 61 70 59 31 90 68 20 76 1 51 17 5 37 45 29 69 24 36 16 54 95 91 74 6 82 21 98 27 50 58 62 38 83 35 14 75 44 7 56 63 19 12 25 30 23 78 2 94 85 65 41 26 87 86 60 96 40 39 79 8 84 77 43 47 18 22 53 10 99 52 72 49 48 3 34 33 97 57 64 71 4 28 0 88 81 
TEST 129 ARG:93 7 80 19 8 24 11 92 57 75 53 97 87 61 13 29 50 9 60 51 12 17 55 18 49 74 91 56 20 32 69 21 16 64 54 10 39 48 98 79 36 66 35 76 22 77 68 26 41 38 70 94 33 3 90 43 4 40 34 6 83 28 2 85 27 63 86 42 71 89 58 88 47 82 30 72 52 81 15 95 67 65 78 99 0 23 96 1 46 31 44 37 5 14 59 73 45 84 25 62 
TEST 130 ARG:72 80 27 82 9 5 43 56 42 14 11 64 58 40 83 53 23 70 88 36 3 94 25 84 41 20 68 61 96 51 18 44 52 76 65 63 21 28 35 91 62 17 15 29 46 93 13 7 16 90 49 37 33 38 12 6 10 50 86 22 87 75 66 79 31 59 45 67 98 73 85 89 92 99 19 71 74 32 55 77 30 0 60 54 1 4 34 81 2 24 39 47 78 57 48 95 97 69 8 26 
TEST 131 ARG:58 71 32 57 2 96 73 95 12 6 34 19 48 70 64 11 16 92 79 22 10 84 29 37 98 44 82 81 55 80 20 56 76 59 88 68 4 75 78 43 61 35 89 0 46 45 83 69 24 91 36 47 5 85 33 51 94 87 72 49 67 27 7 30 77 25 66 21 28 90 86 13 99 18 60 52 93 39 63 3 62 31 8 38 74 23 26 17 65 42 97 53 15 50 54 41 1 14 40 9 
TEST 132 ARG:85 4 43 18 35 0 33 77 91 47 38 55 89 74 9 12 99 86 37 10 67 58 83 64 56 32 94 50 3 48 6 96 31 53 97 54 23 7 70 13 25 95 51 24 69 57 98 8 44 36 81 65 42 88 27 28 29 82 60 22 68 46 5 52 14 30 19 59 34 92 17 49 93 26 45 63 78 1 62 2 80 87 73 66 41 72 11 84 90 21 39 20 79 61 40 15 76 71 16 75 
TEST 133 ARG:36 50 2 65 61 80 42 5 91 26 78 97 92 22 46 20 98 7 6 94 54 43 76 88 74 47 17 62 28 3 38 31 52 55 73 29 13 87 44 68 82 58 79 30 66 1 77 51 86 85 18 23 59 8 72 21 99 24 14 33 64 35 56 27 9 93 37 40 25 15 57 95 81 11 49 96 75 60 70 63 10 84 0 12 69 4 67 53 71 83 16 48 34 41 19 89 39 90 45 32 
TEST 134 ARG:1 59 49 87 38 7 83 31 37 43 2 95 4 73 69 77 12 11 26 5 30 55 47 57 61 62 44 64 15 79 72 74 51 22 75 10 94 92 9 32 66 24 97 89 90 16 8 88 85 40 13 34 98 27 76 60 6 39 80 19 54 23 91 67 35 21 58 33 78 29 18 17 20 48 82 45 0 46 36 50 53 71 28 70 3 42 96 56 81 68 65 52 14 99 41 25 84 86 93 63 
TEST 136 ARG:80 82 21 89 70 83 99 4 35 9 64 88 27 2 18 57 37 3 10 25 12 62 87 71 54 93 13 77 72 73 40 42 90 33 61 16 84 22 52 31 41 47 66 75 63 97 81 74 95 43 69 26 28 56 65 58 39 5 76 53 78 24 50 6 36 51 14 34 98 17 38 49 55 60 79 20 67 32 0 8 30 46 11 19 59 92 86 23 96 44 7 94 1 45 91 29 48 15 68 85 
TEST 137 ARG:87 16 58 9 79 97 76 40 24 20 42 49 94 27 66 0 75 68 38 10 62 89 96 92 35 50 19 80 54 33 93 71 13 41 53 63 81 57 65 46 11 73 23 59 39 61 51 69 21 18 82 30 26 86 6 12 60 67 70 56 2 98 55 85 43 34 83 78 4 88 77 99 72 48 3 28 74 47 8 32 37 45 90 29 36 14 95 5 52 1 17 22 44 25 31 7 84 91 15 64 
TEST 138 ARG:32 88 78 74 87 56 86 46 81 30 10 33 26 6 22 79 34 42 82 23 62 93 53 52 7 48 89 1 14 63 77 60 72 12 51 38 18 65 44 5 31 8 41 55 0 50 98 92 76 96 68 11 21 54 47 95 37 80 45 43 67 49 91 39 24 66 2 17 27 19 85 71 36 59 9 97 58 20 25 4 57 40 28 13 83 73 29 64 90 75 61 84 15 69 94 3 70 16 35 99 
TEST 139 ARG:20 68 32 88 26 89 97 35 51 21 84 72 54 66 23 65 61 57 47 18 2 64 76 43 62 53 13 79 80 37 41 27 96 71 90 48 74 95 83 77 19 8 81 30 70 39 24 28 7 12 98 67 50 22 38 58 52 49 17 29 82 15 6 5 78 46 44 92 4 11 99 25 75 0 3 73 34 60 36 10 69 85 40 59 91 56 31 94 63 55 1 9 33 87 93 14 45 16 86 42 
TEST 140 ARG:10 36 99 69 48 65 25 55 88 22 35 37 29 12 68 61 58 93 64 98 59 21 3 66 0 20 80 89 27 18 14 96 30 75 76 90 41 87 39 16 85 4 28 23 9 17 49 81 15 82 97 74 83 71 5 43 11 57 47 2 1 24 8 53 50 78 60 72 63 38 84 34 33 62 52 13 31 45 42 44 95 70 79 46 19 7 56 51 67 40 73 92 91 32 94 6 77 26 86 54 
TEST 141 ARG:86 91 19 22 5 72 53 76 89 43 67 2 68 82 24 65 58 42 83 30 71 70 52 69 78 73 97 55 54 85 56 17 15 62 90 29 46 40 35 48 16 77 60 74 21 47 28 31 11 96 33 95 61 1 50 63 38 23 26 18 39 59 84 93 4 10 0 36 9 51 13 27 32 99 8 88 75 12 80 41 66 94 64 14 37 87 25 98 44 57 45 20 79 3 92 6 34 49 7 81 
TEST 142 ARG:47 29 52 4 14 8 81 24 22 54 85 65 5 57 25 12 56 1 39 99 15 95 18 69 33 20 88 62 90 80 61 49 79 58 21 83 70 38 84 26 41 44 0 76 74 82 17 75 66 48 11 31 98 3 91 92 63 27 87 68 7 55 45 93 89 46 60 64 9 16 30 32 53 13 6 78 28 67 97 40 37 96 10 51 73 42 34 43 36 23 86 50 71 2 94 72 77 19 59 35 
TEST 143 ARG:11 12 45 40 15 38 76 30 3 69 27 52 54 77 25 56 60 84 73 43 98 85 36 91 2 6 79 74 83 35 37 21 82 24 28 53 34 42 71 93 14 62 23 5 1 99 46 17 81 72 49 8 89 55 66 95 92 9 20 18 48 94 57 16 32 58 90 64 50 33 47 80 86 41 88 87 19 61 70 75 63 59 97 0 10 51 26 39 29 78 68 67 44 31 22 96 13 65 7 4 
TEST 144 ARG:67 49 46 24 53 81 65 36 37 40 38 31 63 62 50 76 39 7 27 20 72 16 15 26 45 91 94 22 1 60 66 93 5 13 8 69 75 96 14 64 89 58 29 88 79 43 2 86 0 10 57 11 85 33 59 9 35 83 84 68 32 28 52 3 34 80 55 19 77 23 70 73 17 61 92 87 51 21 98 71 47 6 99 56 54 90 42 30 78 74 48 18 97 25 95 41 82 44 12 4 
TEST 145 ARG:84 64 89 28 40 81 70 12 67 34 46 53 69 43 2 39 14 3 87 15 32 7 35 23 49 45 60 85 47 86 65 26 51 48 16 52 76 6 88 75 10 11 8 80 44 56 82 83 18 74 5 36 19 9 96 24 27 78 90 50 42 57 20 72 97 25 77 62 22 1 55 71 93 4 38 17 79 33 66 58 29 68 98 94 31 73 92 61 99 54 13 21 91 0 30 63 95 41 59 37 
TEST 146 ARG:21 17 43 27 3 10 51 4 47 5 34 53 20 70 54 87 29 37 66 99 44 16 93 12 73 28 0 15 19 6 42 63 24 92 78 30 62 59 57 98 58 46 2 76 69 13 80 49 7 86 22 60 94 52 32 40 67 85 68 56 61 90 95 31 65 79 41 23 11 74 38 1 97 84 39 48 25 77 33 14 82 9 96 55 81 26 75 72 64 50 91 8 35 36 45 18 83 88 71 89 
TEST 147 ARG:7 19 21 61 11 95 83 79 10 42 93 48 32 59 56 33 28 8 5 64 78 54 92 76 91 22 98 39 0 81 71 1 99 9 12 62 15 4 60 58 36 74 35 41 72 47 27 13 30 26 52 97 66 86 67 40 96 89 14 94 80 87 63 53 55 82 69 73 20 49 51 70 29 37 17 3 23 34 31 18 75 46 6 77 57 2 65 50 43 16 25 44 24 84 68 38 85 90 45 88 
TEST 148 ARG:86 71 2 56 99 80 5 79 20 25 22 70 6 38 45 3 13 91 51 68 61 30 32 46 96 76 83 48 10 97 18 90 78 63 4 88 28 75 62 40 43 49 29 53 26 23 8 41 44 94 57 52 58 21 69 42 64 37 95 65 89 77 17 66 55 15 9 31 74 81 33 93 59 19 27 39 67 92 73 87 72 24 54 34 35 7 36 12 84 50 98 82 60 0 16 11 14 47 85 1 
TEST 149 ARG:50 35 63 76 97 96 78 17 26 3 95 42 72 60 13 74 83 0 28 39 80 75 88 79 57 23 71 66 61 10 43 44 85 54 45 19 64 62 21 52 82 16 14 15 2 94 67 87 84 40 98 89 6 4 49 53 38 91 25 90 69 86 92 33 18 5 29 7 41 9 58 56 27 24 48 73 81 68 93 47 32 30 65 70 34 37 11 51 22 1 8 31 20 36 77 12 55 46 59 99 
TEST 151 ARG:14 93 41 99 73 71 77 95 2 83 55 29 70 72 35 98 15 21 33 63 20 5 46 32 1 92 65 96 86 91 13 6 42 4 81 50 7 69 22 24 61 27 82 30 74 28 47 49 43 3 40 51 54 89 36 76 75 97 68 53 52 48 17 60 84 57 45 78 37 8 11 18 80 85 23 34 62 90 59 16 88 56 58 0 38 12 87 26 44 31 9 67 94 19 79 66 10 64 39 25 
TEST 152 ARG:42 46 19 15 80 61 52 17 72 27 48 16 74 49 82 55 29 13 59 79 69 43 93 5 12 98 58 53 6 85 23 41 39 94 8 4 11 97 68 88 62 83 18 9 21 1 96 40 71 99 75 66 10 65 28 14 73 54 34 3 57 78 47 86 50 24 95 90 84 36 45 67 51 30 33 92 35 60 63 32 7 89 87 37 38 22 77 91 44 70 64 31 2 76 81 0 20 56 26 25 
TEST 153 ARG:94 88 91 73 79 1 49 70 69 50 11 53 67 41 26 30 57 55 31 7 72 89 40 32 9 71 65 15 5 14 66 24 63 2 96 77 27 4 62 33 36 25 83 95 37 76 84 23 22 28 12 59 35 54 45 39 46 0 74 80 78 10 92 20 87 3 42 21 75 8 81 17 47 16 93 56 86 61 58 44 85 43 64 60 51 38 98 52 90 34 68 97 18 6 48 82 19 13 29 99 
TEST 154 ARG:94 21 73 59 63 69 99 68 37 5 91 83 39 93 35 14 31 96 38 41 12 11 84 30 61 8 51 27 82 42 88 57 67 87 70 22 7 85 81 13 16 58 2 50 20 9 29 33 72 18 17 55 89 1 28 10 76 3 66 86 25 0 78 97 74 24 47 19 92 23 43 64 54 90 40 71 4 95 26 56 46 45 34 36 60 80 98 77 32 62 65 48 79 52 44 6 49 53 75 15 
TEST 155 ARG:51 19 76 81 60 50 85 44 17 87 91 18 93 47 43 58 86 4 69 32 39 31 63 62 77 30 57 22 37 10 68 80 99 5 88 28 70 90 79 38 12 29 66 13 64 71 84 41 53 74 78 27 7 26 65 49 42 0 83 40 61 33 73 1 16 95 52 92 20 97 14 89 67 9 75 2 72 55 96 36 34 45 11 46 8 15 98 21 48 56 82 3 6 94 24 54 23 59 35 25 
TEST 156 ARG:26 49 73 42 92 84 88 72 8 86 30 55 29 96 25 56 0 97 12 32 58 71 45 39 59 87 13 64 99 82 33 68 23 14 62 94 51 54 75 10 52 78 98 2 21 65 93 91 6 80 3 48 20 95 36 61 24 28 18 37 41 16 22 44 11 67 50 27 4 60 43 77 40 81 1 66 70 35 7 9 83 46 47 76 34 63 69 53 89 5 19 79 15 17 74 57 31 38 85 90 
TEST 157 ARG:48 98 60 74 16 72 67 93 36 24 69 46 99 75 80 15 79 83 20 82 70 19 68 76 63 1 88 62 27 2 64 94 90 44 45 28 61 65 42 40 33 3 39 54 38 86 57 89 91 8 52 87 97 10 18 92 35 31 12 84 66 6 9 17 55 56 95 5 11 77 32 26 78 59 71 85 47 0 23 13 22 58 34 41 7 73 53 37 29 14 51 49 25 21 81 96 30 43 50 4 
TEST 158 ARG:89 55 86 85 69 49 1 21 94 28 54 93 83 18 6 8 51 99 87 32 43 19 92 37 29 98 30 22 59 4 91 15 41 58 0 34 33 23 61 81 45 75 14 96 16 65 10 17 74 95 5 82 56 26 50 40 71 42 97 77 47 35 70 53 31 25 67 66 13 90 52 68 2 36 64 27 46 38 20 62 12 80 11 60 9 78 84 63 3 72 24 76 7 88 44 48 79 73 39 57 
TEST 159 ARG:70 81 21 55 10 68 19 77 80 78 50 84 92 98 11 18 91 4 51 17 38 52 58 83 95 99 28 35 34 85 93 5 6 7 53 73 20 39 22 74 71 94 65 72 25 15 2 32 33 30 59 57 43 46 24 42 88 79 27 96 82 40 0 31 67 56 41 63 87 76 48 23 45 62 37 14 12 16 64 36 69 1 9 44 61 75 97 8 66 86 54 29 89 90 60 3 26 13 47 49 
TEST 160 ARG:62 9 11 37 40 29 2 47 19 17 88 75 15 13 32 22 55 81 60 33 6 90 35 99 7 50 94 80 4 52 14 28 93 76 68 25 43 84 65 57 8 71 70 41 18 92 74 3 78 12 21 77 89 61 64 16 91 83 24 63 53 20 36 1 85 45 73 44 42 98 72 54 30 39 23 95 31 96 58 10 46 82 34 27 26 66 87 79 97 59 56 67 48 69 0 5 49 86 51 38 
TEST 161 ARG:91 10 13 62 60 16 5 50 39 32 69 44 83 46 41 53 67 19 7 57 1 37 64 38 27 95 25 0 78 43 40 75 84 65 42 30 77 28 93 35 9 36 2 26 76 71 86 92 55 54 45 33 79 96 68 51 94 24 47 63 29 61 56 59 88 82 80 74 4 6 11 81 18 99 20 34 12 97 73 15 21 87 22 8 58 85 70 31 17 72 49 3 14 52 66 90 89 48 98 23 
TEST 162 ARG:99 45 44 35 11 2 18 85 25 89 94 1 55 71 83 48 3 49 73 8 29 17 21 60 91 36 69 50 75 47 88 96 41 26 23 90 34 5 72 82 37 42 63 54 80 9 27 0 22 81 58 78 86 51 39 20 14 77 64 62 87 65 38 15 52 53 19 98 12 59 61 24 66 28 93 13 32 31 6 30 56 16 40 92 4 95 57 43 74 84 97 79 33 70 76 67 46 68 10 7 
TEST 163 ARG:40 69 83 97 26 58 12 60 82 72 61 64 32 16 39 96 98 11 3 25 49 36 9 77 79 47 84 30 59 19 89 91 46 81 28 78 70 51 87 2 48 54 86 5 68 23 53 71 67 80 57 14 38 63 21 17 88 66 18 94 29 34 65 45 0 24 33 37 62 7 4 92 22 95 76 20 90 73 50 43 6 99 55 13 93 31 44 56 27 41 10 74 42 1 8 15 85 52 35 75 
TEST 164 ARG:14 69 65 76 85 49 3 59 96 86 62 89 20 64 18 60 81 45 50 30 95 92 7 75 73 58 80 1 47 38 63 54 11 88 68 84 22 90 27 52 48 2 98 29 25 37 83 70 34 0 8 23 53 39 41 6 26 79 9 13 97 15 4 66 12 46 10 43 87 93 77 16 61 32 57 35 51 28 42 67 17 56 31 82 33 40 24 19 55 21 71 72 44 99 78 74 36 5 94 91 
TEST 165 ARG:0 71 84 65 28 64 83 51 85 21 69 61 78 70 36 80 89 23 59 97 48 42 57 32 79 18 4 90 86 73 44 49 55 54 68 24 2 14 53 63 74 41 26 34 17 35 43 56 27 29 98 92 13 46 38 1 15 93 66 67 62 91 8 25 11 33 50 12 40 75 37 20 88 5 96 9 19 58 45 47 76 72 87 52 10 30 82 6 16 31 60 81 94 7 95 99 22 3 39 77 
TEST 166 ARG:2 78 67 10 32 0 46 98 18 8 68 9 71 72 84 40 81 15 69 77 21 7 59 29 63 12 55 65 48 61 56 60 42 22 97 38 27 90 6 24 85 86 39 91 43 53 94 50 20 93 66 62 79 58 92 64 16 47 28 73 89 49 30 14 57 4 45 52 44 19 34 76 11 1 88 80 36 3 31 5 96 54 75 26 99 35 23 33 74 51 17 83 13 41 87 37 95 82 25 70 
TEST 167 ARG:35 91 64 13 58 24 15 25 84 93 6 77 79 36 87 5 31 39 8 32 81 76 4 12 2 22 90 95 10 92 47 42 23 40 61 72 70 60 51 46 66 54 89 26 17 33 34 3 43 63 74 96 67 30 80 55 27 41 62 0 78 9 50 11 71 21 44 98 68 83 48 73 82 53 88 59 29 49 56 69 16 18 19 14 75 97 28 65 20 45 85 1 94 52 38 99 37 86 7 57 
TEST 168 ARG:2 84 10 27 61 41 80 7 95 32 66 88 89 97 62 16 44 73 35 83 46 68 48 47 67 21 1 31 50 65 94 45 57 29 71 60 74 76 63 93 9 55 72 91 52 38 56 28 22 85 79 51 33 11 92 30 75 54 20 5 96 3 87 42 43 59 77 58 18 12 90 14 64 23 78 8 4 19 37 70 99 53 15 86 36 24 82 17 34 26 69 13 98 39 49 40 25 81 6 0 
TEST 169 ARG:18 59 61 42 79 77 0 71 86 80 78 47 45 12 91 38 97 39 48 10 68 70 60 23 40 76 28 1 84 35 2 5 94 46 90 63 75 81 41 54 14 88 72 82 51 62 49 31 57 95 44 24 98 89 83 29 99 9 73 13 22 17 27 6 26 21 50 69 32 66 25 67 58 65 4 53 64 56 16 93 36 74 52 87 7 92 55 34 19 3 43 30 8 85 37 20 33 96 15 11 
TEST 170 ARG:98 83 5 12 79 41 6 66 1 99 39 78 65 68 51 19 94 15 48 42 3 89 17 34 24 46 67 84 32 92 97 33 14 62 20 31 47 21 18 91 81 93 10 38 63 90 27 22 35 30 45 26 61 73 71 7 16 25 58 77 80 75 55 40 50 82 74 11 52 44 36 29 59 9 96 37 54 95 87 76 23 88 69 49 57 28 8 53 2 70 85 72 43 0 4 13 60 64 86 56 
TEST 171 ARG:65 42 62 23 96 71 27 87 50 55 72 6 89 76 15 68 41 78 0 12 10 80 25 19 34 32 81 48 11 97 36 37 49 30 18 22 61 8 46 7 86 82 64 5 21 45 84 70 88 94 52 66 43 44 54 3 20 73 51 14 47 60 16 83 53 79 35 69 17 67 98 93 2 38 63 99 4 39 13 75 24 57 56 85 28 40 9 74 90 95 92 29 33 1 59 26 77 91 58 31 
TEST 172 ARG:82 49 37 72 70 97 98 46 91 59 14 88 6 8 48 75 93 1 90 32 16 54 29 42 30 23 68 4 28 64 47 78 56 22 27 2 95 21 45 79 57 81 99 25 69 0 67 26 24 77 36 10 38 7 76 19 33 50 44 96 65 31 20 34 9 35 85 18 62 39 87 92 80 86 89 60 5 43 15 94 17 73 83 66 61 63 84 41 74 53 51 52 3 58 40 11 71 13 12 55 
TEST 173 ARG:97 46 62 49 48 14 75 16 56 64 18 4 17 6 65 37 26 70 68 79 44 32 11 59 94 2 57 89 82 76 50 86 13 22 7 5 3 63 88 71 51 39 60 93 1 47 83 81 55 28 74 20 80 95 66 67 21 78 92 43 45 85 54 84 30 12 38 27 10 72 96 98 29 90 9 87 73 8 36 77 42 15 31 69 25 33 58 61 35 19 99 23 34 52 0 40 41 24 91 53 
TEST 174 ARG:18 37 72 80 47 56 0 98 74 65 29 79 55 30 73 44 21 70 35 39 32 36 93 51 68 87 78 14 3 48 59 34 27 53 1 4 17 6 84 58 52 43 71 97 96 10 46 81 26 41 86 13 83 64 31 11 22 42 54 77 12 66 8 92 61 95 25 99 24 62 85 57 82 40 33 91 50 63 16 45 76 38 75 28 88 90 7 15 5 20 9 89 67 94 60 49 69 19 2 23 
TEST 175 ARG:81 82 48 2 9 96 28 89 52 0 88 61 44 22 40 55 10 99 35 95 64 8 59 12 98 90 57 69 72 73 79 45 11 97 37 51 38 76 70 4 32 53 54 14 60 30 83 5 3 56 74 27 43 47 84 46 41 91 86 29 13 49 16 68 19 6 94 77 36 20 71 50 18 1 24 58 87 21 7 85 42 15 62 66 31 33 93 65 39 26 25 67 63 92 78 80 23 17 34 75 
TEST 176 ARG:29 52 53 62 99 20 90 26 21 13 94 69 81 27 1 76 23 66 84 12 40 46 85 77 55 17 86 34 0 3 41 45 56 60 32 44 67 22 75 72 64 83 49 15 89 51 78 91 24 61 8 35 31 30 54 37 96 87 10 2 92 59 43 18 19 73 36 42 70 65 71 47 88 63 11 4 14 79 93 16 74 48 68 50 98 39 6 5 9 25 33 57 7 28 58 38 82 95 97 80 
TEST 177 ARG:84 51 21 0 59 49 90 65 95 15 7 30 16 72 1 43 17 25 52 12 41 46 20 73 68 81 37 11 56 92 89 13 35 98 18 60 36 14 58 10 82 96 4 77 75 64 87 62 45 86 29 22 28 19 71 57 78 55 76 27 6 53 79 23 42 66 97 44 50 24 61 32 8 2 48 67 3 40 63 34 26 54 31 91 39 94 88 47 83 69 70 38 33 74 5 85 93 80 9 99 
TEST 178 ARG:76 61 67 45 43 39 21 72 77 53 37 1 0 24 49 31 32 25 89 68 4 14 91 66 11 27 75 52 92 96 56 30 41 54 98 19 99 95 71 70 38 42 50 73 26 93 62 85 46 33 74 6 48 97 9 13 78 36 12 86 15 64 83 34 8 40 17 84 55 5 80 79 69 28 47 20 88 51 94 29 16 3 22 57 35 63 87 81 90 2 58 82 65 59 60 18 44 10 23 7 
TEST 179 ARG:74 79 18 6 48 21 16 35 53 41 5 93 22 42 70 38 47 15 36 44 14 29 68 75 81 67 64 95 55 84 11 28 46 4 33 24 3 0 37 88 34 77 27 49 61 10 51 69 91 8 63 94 73 43 45 82 87 2 65 85 50 99 98 9 76 20 80 7 97 40 54 12 71 58 92 62 60 1 25 30 57 90 86 83 78 89 66 59 17 26 23 96 32 31 56 39 19 52 72 13 
TEST 180 ARG:82 93 58 49 98 38 20 77 42 18 63 15 4 9 40 90 52 80 59 83 96 99 12 88 51 11 34 0 22 50 28 7 70 13 19 69 87 6 14 36 91 65 45 72 95 73 3 97 17 61 1 92 60 85 2 76 57 32 56 26 67 74 53 37 89 24 30 71 48 43 55 66 41 94 27 23 5 10 68 31 33 29 44 8 86 16 35 21 62 25 78 79 75 81 46 39 47 84 64 54 
TEST 181 ARG:56 45 50 83 33 73 75 51 95 12 34 43 88 86 54 15 71 76 82 47 10 20 92 97 30 55 13 60 17 96 64 22 49 94 29 21 25 72 90 2 1 6 79 16 80 77 87 35 5 40 61 93 81 78 23 27 37 31 99 58 38 19 3 66 57 14 44 11 89 59 62 48 68 98 36 24 8 91 74 67 41 52 85 63 0 28 84 42 39 69 4 26 46 9 53 18 65 70 7 32 
TEST 182 ARG:85 67 35 18 28 78 3 2 95 69 68 73 76 38 92 61 19 21 16 89 41 5 80 74 52 59 94 23 12 87 93 33 42 65 47 98 6 24 49 4 56 0 79 11 34 58 43 64 55 54 20 31 88 39 97 10 83 77 17 72 48 8 32 63 1 50 14 57 51 30 45 75 62 22 40 66 53 70 99 81 25 90 60 91 46 7 13 82 37 96 29 71 86 15 84 27 44 9 26 36 
TEST 183 ARG:91 31 62 17 36 55 32 61 52 1 77 23 44 79 51 27 68 38 53 29 99 47 10 94 9 43 92 80 67 88 3 98 95 73 69 34 24 15 78 2 86 46 84 28 21 96 89 97 60 6 39 41 12 71 7 22 93 64 5 56 76 0 48 19 25 87 82 8 65 49 50 85 26 63 72 70 90 16 40 18 54 14 13 66 20 42 35 81 33 58 4 30 57 75 11 83 45 37 74 59 
TEST 184 ARG:39 27 8 23 69 72 36 15 22 26 3 52 76 82 38 81 71 10 87 98 19 65 24 12 61 95 41 79 6 83 64 88 56 17 29 57 48 32 92 4 63 47 40 5 2 21 73 90 33 74 96 49 30 55 13 86 68 66 14 70 46 11 54 97 37 67 94 91 84 59 44 85 20 93 7 28 9 0 62 77 16 58 99 89 35 34 42 1 31 45 75 78 53 51 80 18 25 60 43 50 
TEST 185 ARG:23 6 12 74 57 99 51 79 26 43 98 84 10 64 88 18 14 65 59 86 4 81 29 28 31 5 63 61 90 76 33 49 15 97 68 45 95 40 55 71 69 82 16 94 72 58 89 38 39 50 70 19 78 77 24 73 44 3 66 75 92 27 96 9 91 46 80 56 83 2 11 35 52 54 41 32 37 47 25 21 0 67 8 87 48 60 7 62 85 20 22 53 93 42 17 34 36 30 13 1 
TEST 186 ARG:17 40 60 99 20 76 59 9 24 86 30 48 73 62 5 31 42 50 81 79 69 7 88 64 58 6 41 39 55 28 85 26 78 87 47 18 37 22 44 67 32 90 49 23 56 97 19 1 46 84 98 77 53 33 0 45 8 36 82 91 3 72 2 65 21 13 15 4 35 96 11 94 83 80 25 34 95 75 51 74 43 89 38 16 57 29 27 10 52 68 70 92 71 66 63 12 54 61 14 93 
TEST 187 ARG:98 11 20 45 23 12 52 91 47 33 28 3 34 26 29 36 75 30 0 54 61 16 24 39 6 64 48 90 74 80 81 95 93 41 31 86 25 69 7 18 9 66 22 5 51 32 17 87 58 35 37 73 96 19 88 83 89 76 62 1 77 60 55 43 27 2 92 50 59 65 67 15 40 46 99 84 13 82 53 42 68 8 57 63 79 21 72 38 10 14 70 49 94 78 71 85 97 44 56 4 
TEST 188 ARG:76 87 55 30 50 65 95 38 63 20 77 44 19 94 86 11 46 9 67 49 17 27 31 78 79 22 69 72 82 58 71 93 24 80 5 37 13 23 15 2 56 91 98 73 96 45 81 68 53 35 40 10 26 16 28 89 74 14 92 85 18 39 3 70 84 8 1 4 34 6 88 29 62 32 64 36 33 66 60 51 99 83 57 0 61 43 47 54 90 7 59 21 52 41 75 48 97 12 42 25 
TEST 189 ARG:21 65 35 54 78 97 98 19 13 46 80 8 85 31 12 83 34 36 59 77 25 69 86 33 15 96 39 22 0 51 73 32 57 44 88 4 90 68 76 75 18 79 42 1 95 28 74 27 29 99 61 10 40 38 50 23 14 6 89 3 62 2 5 17 43 56 45 60 81 20 55 47 9 26 11 71 84 91 30 49 41 82 72 58 70 93 64 53 37 67 48 92 52 94 7 66 24 87 63 16 
TEST 190 ARG:54 8 4 33 25 70 99 64 91 27 57 93 34 98 13 39 65 10 49 74 90 15 60 97 85 41 16 94 67 62 86 87 45 23 83 6 63 36 9 24 76 80 29 66 58 1 50 44 18 22 46 56 72 2 78 69 5 59 38 71 35 42 32 52 30 81 96 28 0 75 19 31 43 68 77 47 55 73 20 40 26 79 21 95 89 92 48 61 11 7 17 51 12 3 53 37 14 88 84 82 
TEST 191 ARG:80 60 33 58 54 51 47 12 43 29 71 39 31 3 15 40 21 45 36 96 67 62 98 59 49 19 41 74 35 25 24 4 27 18 68 82 88 8 56 5 50 9 1 63 32 99 46 23 34 65 7 61 53 52 97 0 70 11 72 30 6 86 83 90 22 66 10 69 85 38 91 16 26 64 84 76 57 79 20 17 89 13 14 48 81 55 2 42 94 77 75 87 92 93 37 44 78 28 95 73 
TEST 192 ARG:71 98 32 62 44 77 39 72 61 37 51 29 20 75 82 26 25 93 73 42 70 30 92 43 57 87 13 34 63 47 11 94 54 65 58 64 89 97 66 88 35 23 40 96 91 1 55 90 48 27 74 19 31 56 38 21 52 8 0 45 50 86 95 81 33 5 4 36 53 3 18 79 78 2 67 60 24 76 99 6 68 15 17 28 46 14 49 84 41 12 85 7 10 9 22 59 69 83 16 80 
TEST 193 ARG:77 68 2 40 35 67 84 69 75 90 55 12 25 94 1 6 48 34 59 87 57 74 78 17 86 21 8 18 88 10 9 22 92 7 66 39 29 64 26 19 24 97 89 14 65 54 73 80 52 42 70 30 37 82 62 46 53 4 5 23 38 32 45 56 33 50 98 31 71 11 20 44 91 41 99 76 0 61 43 47 95 96 3 49 27 85 13 63 93 28 81 58 83 36 51 15 72 60 79 16 
TEST 194 ARG:60 92 84 31 86 50 24 43 54 5 23 67 42 69 27 88 13 61 93 63 89 40 65 82 45 55 81 37 10 46 56 25 38 57 17 26 21 3 4 53 32 6 51 15 16 62 34 14 91 30 94 80 28 90 36 98 47 96 0 99 58 41 85 72 59 44 11 83 2 48 74 35 70 77 7 95 78 52 12 22 73 19 18 64 49 1 29 97 87 66 9 68 39 79 8 33 20 76 71 75 
TEST 195 ARG:50 9 58 32 0 35 49 38 30 8 92 33 98 69 57 66 52 99 23 2 96 74 90 83 17 95 18 43 51 79 16 86 61 3 31 36 71 25 15 10 73 63 37 40 77 13 14 48 12 19 41 4 80 5 56 91 29 55 72 21 59 11 89 22 53 54 1 85 93 88 78 6 47 84 65 97 64 26 46 62 39 60 45 70 82 20 28 81 94 87 34 76 7 27 24 44 75 68 67 42 
TEST 196 ARG:25 3 7 19 1 17 55 77 76 67 39 38 74 27 12 0 15 14 78 65 82 36 46 33 9 81 85 41 94 90 5 50 23 80 98 51 37 62 72 73 75 11 56 97 20 48 31 26 53 22 89 96 30 63 92 66 47 84 34 57 58 2 13 71 45 54 59 61 16 32 6 49 35 10 18 29 88 24 87 21 93 91 70 95 40 86 69 79 60 44 83 42 52 99 68 64 8 4 43 28 
TEST 197 ARG:47 5 28 61 88 26 64 80 40 43 65 63 34 62 90 46 74 2 8 23 55 75 15 93 11 68 20 69 32 76 22 56 29 72 87 39 81 52 49 48 86 96 92 60 9 97 6 83 38 42 95 13 0 66 79 98 33 44 99 7 12 91 94 51 57 17 14 18 1 25 54 77 78 27 59 84 4 24 89 50 16 31 85 3 70 10 36 67 53 37 35 21 45 41 82 73 58 71 19 30 
TEST 198 ARG:84 52 42 69 5 11 22 35 68 36 38 83 3 27 74 73 14 33 2 79 64 48 13 96 34 95 94 39 76 26 19 30 59 54 24 46 97 77 98 10 57 21 45 60 80 44 87 67 91 41 50 65 82 0 17 20 32 55 66 93 58 53 6 85 99 72 15 29 63 70 51 25 88 18 71 62 16 78 40 8 4 61 75 56 43 23 92 47 37 81 9 28 89 49 12 86 1 7 31 90 
TEST 199 ARG:45 39 73 42 15 66 71 20 65 24 48 80 55 35 50 87 68 86 12 63 61 18 54 26 13 62 82 74 46 88 76 14 23 30 0 43 78 1 9 32 2 79 85 98 5 70 89 97 22 93 37 64 96 41 38 92 17 3 84 81 99 56 83 11 6 10 47 31 36 67 28 29 44 19 59 21 95 94 51 16 25 58 60 8 33 91 69 57 7 40 52 90 4 34 72 75 27 77 49 53 
TEST 200 ARG:64 30 24 25 66 26 21 93 6 43 50 36 75 95 0 72 67 79 59 55 94 35 37 89 53 7 31 49 92 20 82 99 85 45 77 12 51 47 32 27 90 98 33 42 10 3 69 2 61 86 76 14 4 5 65 60 28 63 17 15 44 29 34 38 54 68 13 57 62 78 39 91 80 22 16 58 71 73 41 19 87 52 46 11 96 1 23 88 83 81 8 48 9 97 40 74 70 84 56 18 
TEST 201 ARG:73 13 52 57 64 12 95 80 19 37 9 20 14 91 58 84 0 47 76 87 25 6 32 29 28 75 92 56 89 71 34 46 50 96 93 17 62 49 3 61 55 74 86 40 33 18 42 72 31 65 60 48 35 15 85 4 27 88 67 43 69 99 11 44 8 1 53 59 36 83 79 66 10 97 30 24 90 81 26 63 39 51 38 16 78 7 70 22 21 77 68 45 54 94 23 82 98 41 2 5 
Multiple size <= 500
TEST 1 ARG:-164 97 186 221 -120 164 78 -196 -54 -18 -110 -114 71 206 -90 -246 -235 -56 217 165 -144 182 -136 -240 -42 82 83 0 140 54 162 73 234 -60 65 -193 -189 -131 -35 -79 176 139 127 -27 -153 -69 -105 -195 -234 158 4 -166 -205 -199 -249 -202 171 15 204 58 60 74 -4 44 -61 -177 -107 5 151 -209 -203 -71 75 -21 -52 85 230 101 37 23 232 -158 -142 -22 130 -200 154 -197 -232 185 184 156 116 175 117 88 174 -106 -223 -59 -5 81 -58 -10 183 207 -41 133 -109 208 187 -220 100 149 105 238 55 202 -156 243 46 -237 -212 -101 21 229 205 9 -244 124 -99 -165 39 -186 -8 102 51 91 -162 138 119 -37 -70 -44 132 -77 -125 -145 -81 -7 200 -19 -36 -167 22 31 25 173 -214 -173 143 40 29 -89 -67 192 92 49 -23 62 134 159 -239 61 179 -6 38 177 219 -98 -176 -236 87 -65 163 172 59 -94 13 -137 -140 213 -183 -149 223 245 -198 -73 2 28 -190 226 -127 -3 247 96 -211 -72 -20 -112 10 -49 -64 7 -24 -215 106 -208 89 -63 -97 -201 45 -55 -133 -118 27 -169 79 26 48 -66 36 -34 -82 -192 -222 -216 -171 -12 131 -151 -111 77 -182 231 8 123 210 227 -130 32 -62 -84 24 241 -57 72 95 -93 135 142 114 224 -9 -155 108 -32 19 93 248 50 -241 191 166 126 3 16 57 -78 -219 -1 -147 120 -226 -100 -213 128 -95 118 201 -38 30 167 170 -138 -139 188 -179 240 146 98 -85 -134 113 -243 147 -83 94 47 -230 161 195 -121 -135 66 -126 -174 137 -11 84 11 225 -28 86 150 -227 242 -141 222 -51 -188 -225 109 52 -247 148 -159 -68 155 -39 -50 211 -122 239 -75 110 111 141 -233 68 181 153 -88 20 -17 67 -104 244 104 -119 193 -172 -102 -15 -175 194 -206 53 -221 12 -248 -47 -181 -16 14 144 152 115 189 107 -80 -163 -231 112 103 125 145 -146 180 -229 -160 -108 -168 -33 35 -91 -150 249 -46 160 56 -116 -204 236 235 17 -76 198 -194 -238 168 -228 -224 41 -250 212 -245 -86 228 -92 197 42 169 -185 214 99 -128 -184 218 -161 -40 122 1 -170 -96 233 6 -29 -25 -53 136 -210 69 -148 64 -242 -154 -180 70 121 -191 -48 33 -13 80 -103 -157 215 -207 -217 76 -178 -152 -2 209 43 63 199 -45 -87 -14 -187 129 220 -117 -143 196 216 -123 -132 -124 -30 -74 -113 -26 -115 -31 237 -218 -129 157 18 246 178 190 -43 203 34 90 
